20
57 61 50 61
5 86 53 4 104 27 3 55 34 69 0
96 47 60 28
5 0 6 43 84 84 35 44 57 95 50
48 32 67 42
5 53 51 92 1 48 19 8 3 82 37
97 28 66 41
5 93 72 9 79 46 31 12 66 54 11
38 62 93 86
5 87 83 40 83 83 26 98 11 74 103
23 42 71 16
5 12 76 47 74 24 5 88 82 45 85
96 85 14 6
5 86 91 104 60 72 35 59 22 58 39
99 49 68 1
5 48 80 96 101 56 88 75 56 25 81
51 14 75 51
5 29 62 103 15 75 84 67 94 96 57
87 39 57 77
5 105 85 31 40 1 88 83 89 29 18
0 0 100 100 
5
70 40 30 10 10 5 90 70 50 20
88 81 85 80 
6
19 22 31 15 27 29 30 10 20 26 5 14
0 0 100 100 
5
70 40 30 10 10 5 90 70 50 20
88 81 85 80 
6
19 22 31 15 27 29 30 10 20 26 5 14
0 0 100 100 
5
70 40 30 10 10 5 90 70 50 20
88 81 85 80 
6
19 22 31 15 27 29 30 10 20 26 5 14
0 0 100 100 
5
70 40 30 10 10 5 90 70 50 20
88 81 85 80 
6
19 22 31 15 27 29 30 10 20 26 5 14
0 0 100 100 
5
70 40 30 10 10 5 90 70 50 20
88 81 85 80 
6
19 22 31 15 27 29 30 10 20 26 5 14