13
6 3 5
0 5 2
0 1
1 2
4 5
3 5
0 2
6 2 3
5 2
0 5
0 1
3 4
6 2 4
5 2
0 5
0 1
3 4
1 2
2 1 0
0
2 1 0
1
2 1 1
1
0 1
10 2 7
0 9
1 2
3 4
5 6
7 8
2 3
4 5
6 7
10 2 8
0 1
0 2
3 4
5 6
7 9
2 3
4 5
6 7
1 8
10 9 9
0 1 2 3 4 5 6 7 8
0 9
1 9
2 9
3 9
4 9
5 9
6 9
7 9
8 9
10 5 20
1 4 3 7 8
1 5
5 8
5 6
4 8
5 7
2 7
0 7
2 9
4 7
6 8
5 9
6 9
7 9
2 5
1 2
0 5
1 8
2 3
0 2
4 5
50 2 20
14 27
2 9
1 28
25 47
16 18
13 37
29 48
14 39
5 27
35 44
34 40
19 36
4 9
15 24
11 12
6 23
16 24
20 39
11 48
9 29
14 25
50 1 200
15
14 30
7 48
4 9
36 47
0 16
6 23
17 42
39 42
9 21
37 42
1 12
12 42
32 44
22 29
2 43
5 11
0 1
30 38
25 46
27 37
34 44
12 40
30 43
22 30
13 32
27 31
34 45
38 49
33 49
33 38
28 30
17 31
2 5
7 37
39 43
0 12
20 45
1 36
33 48
0 29
6 45
39 41
19 44
21 32
3 32
33 47
31 41
13 36
16 25
4 5
27 28
9 40
3 42
11 46
14 25
28 42
6 33
3 18
37 40
5 15
35 44
12 41
21 36
7 12
10 39
2 28
16 31
3 41
5 40
30 37
16 34
4 29
24 48
11 39
47 48
9 49
37 38
6 30
22 36
8 41
19 26
43 49
36 43
9 12
10 43
19 37
3 26
16 19
11 15
30 33
11 37
20 22
21 35
3 19
30 31
16 48
15 31
28 49
10 45
26 46
24 26
14 28
5 42
11 49
40 42
12 35
4 39
4 25
13 30
8 21
29 44
23 36
26 29
1 48
12 46
0 36
8 30
6 8
9 25
0 15
6 49
13 19
2 16
7 36
18 19
16 26
24 41
0 47
16 28
21 30
20 41
44 45
23 49
36 39
7 33
45 48
23 38
19 29
28 31
4 42
12 19
9 34
34 39
34 37
2 27
2 49
30 45
14 39
12 20
29 47
8 36
13 24
2 18
9 48
11 30
3 22
47 49
20 37
13 39
29 48
9 41
18 20
5 7
29 34
9 43
23 44
7 16
10 30
27 45
32 35
4 30
15 16
38 43
11 21
31 39
1 14
8 22
9 16
25 47
17 21
24 25
25 31
15 28
20 28
16 35
8 44
32 41
1 8
32 38
24 28
17 37
16 23
6 21
2 4
2 36
22 48
33 42
27 32
17 25
15 23
200 199 4000
25 46 41 2 90 39 97 154 34 40 104 150 18 33 31 45 79 103 110 76 62 162 170 49 177 159 56 88 126 60 120 36 132 172 185 112 184 4 69 70 63 6 105 59 8 7 91 135 186 180 30 73 182 80 108 168 114 147 167 68 187 178 137 121 77 143 20 26 122 131 115 21 181 183 19 85 47 109 196 81 53 12 29 55 119 52 1 14 13 17 27 78 106 65 127 192 102 189 190 42 82 23 35 197 129 16 84 51 107 3 179 169 93 118 153 191 123 101 149 136 165 111 98 175 156 117 173 66 193 92 57 128 140 141 163 198 125 74 199 116 155 164 86 148 64 151 194 113 176 144 11 58 152 5 10 28 24 99 71 158 22 89 130 83 142 146 32 72 43 139 0 54 174 61 124 15 145 195 87 50 134 138 67 157 133 48 161 9 75 95 94 166 100 171 44 37 188 38 96
8 40
37 180
1 17
30 160
36 64
48 117
165 195
3 79
126 194
30 171
149 176
65 123
39 85
83 178
84 185
17 142
53 185
129 139
0 22
105 110
22 43
126 175
85 171
1 69
67 76
134 173
29 195
127 171
18 39
129 154
2 99
69 163
0 36
7 83
54 116
103 197
74 169
0 74
19 42
17 175
51 171
116 118
130 133
119 132
47 59
54 133
158 182
107 111
95 128
90 134
99 174
153 178
88 165
133 191
37 132
3 194
52 144
53 63
52 165
10 57
139 183
109 180
31 136
25 189
29 60
10 114
92 151
8 157
39 142
86 97
6 129
137 138
88 123
59 105
95 104
76 123
103 142
7 195
31 98
137 188
50 182
78 124
135 168
56 85
62 84
59 161
35 48
119 127
11 181
61 94
80 189
153 170
147 171
180 187
0 168
107 179
28 148
75 174
20 23
65 130
53 129
92 130
52 60
33 193
17 155
58 63
15 189
26 83
13 75
15 57
30 159
86 112
25 26
49 123
4 167
135 192
114 165
81 197
61 77
94 192
14 133
67 136
58 197
28 169
84 183
60 97
19 184
53 124
130 140
147 197
108 123
126 131
41 156
67 90
34 35
160 173
41 75
68 93
109 136
67 150
61 192
22 32
15 127
61 82
51 139
14 173
50 89
108 159
23 199
11 145
136 197
21 29
3 123
21 163
84 161
5 38
6 136
44 165
96 189
101 177
76 101
86 116
108 148
140 144
103 130
50 155
63 65
104 159
27 136
4 176
132 190
116 146
166 173
30 49
98 130
103 136
70 101
161 178
7 103
67 194
94 128
35 170
98 119
90 113
62 176
154 198
31 81
49 71
45 86
33 47
77 104
81 192
101 119
28 77
77 133
127 130
16 64
18 189
99 105
31 189
19 38
24 116
104 196
30 55
101 151
105 178
126 181
69 102
122 154
146 151
25 76
15 143
4 62
65 100
28 162
39 139
139 158
171 191
100 193
21 90
38 102
39 84
29 188
126 182
23 124
35 138
3 77
136 179
87 166
88 116
38 68
8 145
15 71
64 144
113 161
22 123
61 126
52 163
76 119
86 196
78 145
112 192
111 154
134 139
27 77
0 96
127 193
108 146
4 110
13 126
73 156
0 174
61 116
68 89
93 135
37 42
14 110
56 101
26 93
39 40
98 160
174 187
51 128
46 181
98 186
169 197
146 189
71 176
70 152
155 185
141 183
28 124
41 101
139 157
30 184
10 199
49 165
50 88
55 98
67 181
61 138
18 148
52 96
47 175
13 45
55 90
55 71
83 145
83 90
55 68
45 194
100 168
56 159
13 197
151 168
138 191
9 49
88 134
85 90
143 173
43 47
65 165
84 132
138 190
124 168
74 130
146 149
7 155
3 152
19 55
61 193
45 179
6 40
96 199
134 157
124 179
131 178
49 139
39 87
20 104
18 102
105 185
81 176
4 52
68 147
4 32
10 36
102 104
81 87
55 198
57 130
2 192
25 179
86 182
27 171
99 179
26 62
40 160
8 151
12 143
9 65
182 188
59 187
98 156
0 106
52 142
196 197
4 102
140 157
4 122
7 94
96 192
69 105
146 175
34 118
89 199
100 180
64 153
42 188
111 129
31 152
16 102
9 39
82 102
16 91
50 189
47 49
90 182
149 161
38 136
0 25
31 120
89 111
162 192
62 149
63 102
106 150
24 58
16 124
83 193
145 157
19 101
154 183
88 111
45 50
81 173
35 184
129 184
123 196
60 135
21 143
90 115
90 146
55 57
32 91
82 176
5 56
57 96
18 105
112 135
145 151
125 194
121 136
85 184
69 119
99 109
22 109
90 157
48 163
159 175
72 133
123 149
118 192
98 181
36 184
126 147
38 128
79 132
56 80
38 130
46 109
21 122
64 107
11 86
80 166
52 63
81 177
134 171
42 146
38 47
44 115
79 100
43 98
2 15
148 168
60 64
153 181
50 199
17 67
180 194
74 175
66 90
99 132
15 146
52 158
65 139
127 137
73 133
28 42
122 193
113 189
69 140
99 114
69 164
48 84
51 117
25 168
109 192
89 198
43 46
31 165
69 152
13 191
100 177
72 134
76 131
125 192
64 87
95 111
64 79
140 177
41 198
27 105
148 188
93 177
34 90
128 137
117 150
35 90
153 156
25 132
40 122
19 36
115 181
122 152
159 174
94 116
10 177
169 176
81 131
48 184
0 43
12 114
31 61
89 115
134 182
24 59
33 117
56 112
1 53
33 145
33 156
4 33
145 181
47 195
111 160
67 143
144 154
12 195
41 83
75 160
150 164
32 42
82 162
30 136
19 108
163 182
15 198
7 157
120 177
60 196
52 120
81 93
52 115
43 149
36 47
113 164
14 55
38 72
160 179
22 167
129 162
49 148
80 96
77 160
79 102
76 178
159 165
92 152
97 162
7 152
42 95
14 166
5 178
25 186
101 141
88 97
40 131
64 148
10 38
38 105
44 196
165 188
44 184
118 151
7 187
22 67
20 163
8 42
59 108
40 195
113 149
81 172
28 105
64 142
44 122
103 112
46 103
4 73
24 74
3 139
5 161
49 111
79 170
47 48
58 108
0 56
64 172
172 173
30 98
42 64
63 99
77 149
63 176
83 119
41 91
25 86
61 163
30 96
143 144
4 69
106 176
79 195
25 137
155 172
21 110
14 97
10 65
33 155
36 171
135 184
71 186
154 163
107 160
181 192
177 192
75 100
106 120
44 169
44 72
33 81
9 20
17 150
25 176
64 88
28 69
85 120
12 125
115 121
38 141
43 125
56 65
81 119
2 167
46 102
38 175
32 186
128 149
135 185
1 158
140 172
100 183
115 165
56 64
15 149
88 140
31 191
11 80
54 161
51 143
148 194
52 168
4 121
79 191
47 116
90 149
7 79
102 170
13 70
103 192
57 118
9 171
28 110
15 137
2 112
25 52
177 187
65 157
94 100
103 167
10 156
160 161
138 178
40 62
76 176
63 96
20 161
58 103
13 176
90 137
66 169
20 49
37 171
85 126
1 127
92 117
156 182
159 195
2 191
121 191
56 190
122 131
25 68
25 147
88 137
82 171
63 182
72 184
95 189
119 173
94 167
14 120
28 157
37 78
10 127
28 31
8 183
36 158
5 27
11 105
163 189
63 147
42 71
94 153
24 137
15 162
44 56
154 175
165 169
9 156
138 162
57 100
72 185
93 129
16 25
76 141
177 191
34 83
100 173
63 161
17 168
90 171
184 187
164 169
8 147
103 178
16 71
125 140
68 138
84 150
67 195
74 137
74 107
197 199
75 96
7 172
56 158
71 178
68 82
52 191
86 149
82 122
78 115
43 65
7 140
18 61
5 11
18 144
15 155
122 170
37 125
56 178
83 125
147 181
15 147
135 157
98 175
49 140
27 70
101 194
81 91
68 137
111 197
3 39
106 154
107 189
84 170
53 73
33 55
127 136
47 68
61 174
123 148
22 42
40 86
135 160
53 90
23 47
76 86
105 181
78 87
14 178
26 188
83 117
5 9
170 181
45 141
37 54
139 143
58 194
88 89
48 180
157 197
96 132
25 80
53 67
97 103
0 130
30 185
15 56
33 76
94 132
59 64
20 83
64 98
159 192
181 185
119 197
107 187
113 135
115 166
31 33
47 77
63 91
49 56
28 165
52 134
70 147
27 48
148 197
2 75
49 110
40 57
34 173
55 122
108 152
40 124
50 72
67 189
87 195
34 180
103 151
113 124
29 84
97 98
5 59
36 68
153 185
11 110
59 117
84 181
21 45
9 94
60 179
55 144
9 70
0 152
59 66
26 75
134 188
18 149
132 135
132 196
89 185
120 162
95 112
107 133
135 190
11 28
25 182
18 124
7 78
24 72
43 147
77 117
7 65
138 163
143 157
66 135
40 70
44 119
5 149
33 51
90 193
58 94
56 174
72 148
122 162
23 123
82 174
46 139
0 129
107 158
45 163
86 91
128 181
87 121
98 120
97 101
14 86
13 38
40 80
19 51
146 181
21 66
101 139
90 187
62 102
67 168
68 95
51 151
4 98
5 96
39 67
141 150
33 121
128 167
69 133
57 182
171 192
2 129
95 175
9 68
102 198
11 67
138 171
22 107
9 69
57 197
108 109
33 143
51 54
46 80
99 178
98 141
13 192
32 38
35 76
26 101
114 133
99 146
114 175
20 120
3 47
109 183
13 42
73 135
56 89
47 86
5 177
18 190
142 164
88 94
27 131
110 198
30 112
49 90
15 169
58 176
95 137
1 39
5 168
22 82
68 136
34 152
8 83
74 142
67 142
93 116
128 183
80 108
22 179
136 192
29 114
41 110
70 74
116 145
103 154
9 174
61 100
60 161
38 146
32 118
28 126
73 154
35 159
186 188
33 184
31 151
85 198
62 173
8 63
28 172
46 176
9 51
113 131
194 197
32 149
38 90
22 140
39 91
195 197
72 176
80 83
75 81
166 176
29 176
42 116
113 179
88 148
166 167
155 160
0 109
22 79
50 181
98 177
96 147
183 194
36 193
53 69
29 196
79 180
106 125
129 167
78 172
61 151
5 50
39 165
60 194
49 65
20 169
22 87
16 187
20 180
32 60
8 153
4 142
1 116
92 100
62 141
99 190
94 95
68 183
8 23
118 188
23 115
104 165
53 173
120 134
12 132
73 118
76 149
167 176
50 191
69 101
4 65
132 150
60 99
62 183
41 191
76 100
62 125
86 129
154 164
17 22
44 192
3 42
0 89
21 35
58 120
70 162
54 130
8 168
68 122
155 171
184 185
3 51
19 82
24 107
18 111
98 104
160 176
63 154
9 74
42 196
57 195
76 94
143 188
9 40
59 193
30 143
0 4
91 124
45 190
123 168
14 195
49 180
105 119
32 79
18 126
75 106
75 77
72 150
98 192
13 51
150 168
68 154
55 118
51 69
21 47
96 146
162 199
105 111
78 157
8 16
137 161
170 172
58 96
48 65
4 76
1 6
14 157
104 139
66 140
71 160
87 145
39 152
33 153
162 193
5 71
13 36
150 180
44 84
105 129
66 174
139 171
126 150
21 111
54 73
0 68
1 156
69 156
25 199
116 187
0 169
1 83
105 135
53 105
3 195
66 85
59 83
52 75
3 91
52 88
109 113
23 160
24 106
87 131
5 180
151 169
38 99
0 19
52 188
60 109
109 152
142 189
62 171
45 75
88 175
47 199
104 179
172 188
82 172
97 124
10 139
17 124
63 158
59 86
136 137
151 180
16 26
79 121
147 183
76 189
51 83
43 137
26 189
3 190
85 196
11 132
187 192
4 23
40 45
43 85
39 71
178 193
53 109
21 81
29 102
188 196
7 123
19 144
159 188
64 169
126 138
78 173
3 185
3 29
1 107
16 81
6 193
79 185
19 139
130 156
8 84
121 123
24 155
33 112
111 163
42 124
148 169
49 106
99 171
26 161
3 94
90 112
26 29
3 132
35 157
56 114
16 17
75 89
12 142
34 42
124 128
78 81
29 85
62 107
39 66
110 186
126 153
50 193
101 156
107 136
19 110
28 198
119 198
52 101
105 175
55 125
52 159
1 64
37 147
118 196
60 193
103 191
31 102
81 174
88 143
2 68
54 86
80 151
101 162
66 179
96 170
114 144
73 162
101 170
16 49
35 52
88 105
139 196
86 100
33 162
62 116
15 97
76 122
50 178
26 44
12 19
41 84
80 186
101 196
6 31
25 125
115 176
5 26
5 86
12 36
20 52
6 117
87 159
20 190
151 182
147 164
0 69
81 158
9 78
111 121
90 160
75 178
112 187
63 110
80 115
62 158
32 192
119 193
54 187
50 84
187 197
65 175
26 55
46 179
17 73
135 189
30 147
12 128
121 140
23 170
3 36
62 154
115 168
116 150
51 173
63 149
19 198
17 196
143 192
100 135
44 134
110 171
2 83
17 194
77 193
128 190
100 179
7 168
5 162
1 192
14 68
4 151
4 152
4 51
114 118
35 113
155 195
6 165
25 61
126 160
190 192
31 99
55 93
83 187
81 168
16 189
46 71
22 162
128 196
14 20
78 94
67 163
130 152
94 126
14 89
117 156
82 166
27 94
88 176
87 127
105 139
99 140
187 199
89 150
75 113
21 125
117 119
84 89
115 180
34 38
82 125
23 132
109 177
102 128
3 159
169 189
1 166
27 118
37 84
104 107
110 124
115 155
24 57
161 173
107 116
15 101
122 143
79 156
19 192
129 131
86 88
42 138
20 58
32 130
151 199
93 167
97 110
20 103
50 127
0 199
115 150
9 76
17 40
7 113
35 53
10 21
39 94
156 185
134 191
53 184
60 186
119 138
169 175
95 146
17 45
65 86
105 187
80 199
56 169
154 161
7 190
9 109
145 186
1 41
60 170
62 99
185 192
0 54
67 147
57 95
161 190
7 99
45 127
5 142
2 165
42 182
72 146
12 54
171 182
27 67
7 120
36 125
151 190
0 184
41 148
22 86
12 136
24 75
71 159
31 77
50 148
127 188
34 40
91 140
119 161
20 176
15 29
35 38
110 153
2 179
54 67
84 155
109 178
103 195
59 65
1 194
61 141
4 174
78 120
165 173
63 167
130 151
73 146
107 117
42 173
54 124
43 183
121 137
48 63
112 136
135 173
49 184
62 181
96 182
35 86
105 146
131 194
32 131
4 27
130 137
57 166
15 44
64 81
73 174
103 196
13 26
156 187
28 43
2 35
52 184
2 152
31 167
7 39
110 136
123 175
84 107
13 65
112 140
75 128
52 73
34 112
36 99
1 22
11 175
70 116
152 197
137 195
23 94
174 184
37 188
19 56
38 46
13 102
74 174
26 53
28 101
153 172
101 124
72 82
142 191
18 199
96 167
55 142
53 68
170 194
170 193
38 48
29 116
28 44
119 149
60 74
21 74
49 132
53 106
132 141
95 131
61 88
76 196
7 192
94 142
76 126
43 129
42 191
33 77
92 142
20 68
66 134
116 142
80 91
26 172
122 165
122 136
19 176
84 169
117 183
31 76
30 132
78 116
86 113
73 130
91 189
21 33
108 131
46 52
1 160
11 33
88 187
87 150
84 114
0 105
109 135
36 102
63 139
80 168
133 170
16 19
13 53
80 152
91 162
149 191
72 106
75 190
6 110
17 96
28 130
129 141
14 165
60 151
6 160
57 178
93 105
124 127
12 77
73 140
56 155
113 158
30 192
124 139
113 130
66 110
96 99
4 70
141 173
5 60
90 165
10 132
141 171
26 41
93 197
135 170
86 130
46 187
32 37
19 143
0 60
6 52
76 166
16 61
109 199
84 113
23 25
179 185
16 67
54 145
130 131
44 91
152 167
42 117
128 162
91 128
66 77
57 121
134 194
6 53
155 194
12 164
144 194
1 44
9 172
133 166
11 134
22 23
75 84
128 136
25 60
60 110
172 193
68 179
77 109
18 45
81 116
66 156
99 173
124 188
5 51
27 83
0 11
9 112
30 178
15 140
19 99
18 106
79 154
125 160
72 129
91 142
63 122
59 81
57 183
24 148
9 145
33 197
100 187
86 127
81 170
64 75
59 96
53 77
76 140
56 134
14 156
51 97
31 178
2 11
92 114
104 128
19 80
181 196
125 146
126 155
168 180
34 65
66 104
13 122
68 185
7 55
67 70
171 175
113 141
25 117
105 124
4 91
5 16
25 67
72 145
14 153
14 150
57 159
10 133
51 180
131 191
79 181
82 197
91 192
8 95
45 71
170 183
174 190
74 179
139 194
52 117
12 41
70 182
22 134
15 55
180 184
132 147
59 137
41 44
63 115
61 121
18 133
12 88
144 168
25 43
21 70
16 144
95 124
34 110
85 136
32 113
71 190
19 189
3 148
20 165
5 176
75 156
29 66
71 94
19 107
25 197
43 169
90 175
189 191
101 115
159 199
42 177
77 181
73 153
25 41
64 186
11 152
81 166
11 187
76 186
102 107
91 133
65 126
70 168
4 113
12 79
14 16
17 122
0 196
112 199
163 199
7 11
43 174
0 17
127 199
37 179
73 137
0 144
77 84
172 180
188 194
37 109
4 45
143 179
6 23
41 120
12 91
7 164
140 149
68 140
47 61
85 192
55 102
138 143
46 197
48 118
44 90
26 58
90 106
110 134
127 140
96 137
25 129
38 54
20 124
23 141
130 185
44 105
58 132
16 84
69 177
102 153
53 176
117 134
51 187
38 116
63 162
28 170
52 83
136 199
30 48
31 188
32 71
51 112
51 146
160 164
43 61
29 82
21 31
28 140
162 195
118 184
143 170
65 109
80 183
11 150
6 119
20 94
127 156
74 197
3 129
106 196
22 90
74 84
114 148
5 69
65 127
99 108
53 141
56 74
98 198
83 191
12 196
57 190
20 178
50 126
6 196
85 162
120 186
142 182
108 195
18 132
42 187
10 197
145 185
41 151
46 182
44 158
58 75
60 63
62 166
67 104
124 196
143 150
50 86
167 186
25 94
149 175
10 162
85 195
26 140
136 169
105 167
6 85
0 40
77 174
126 154
115 128
16 155
62 75
54 185
13 17
16 45
73 184
0 117
72 118
51 120
19 196
27 146
87 114
46 134
122 166
45 55
111 162
74 165
14 119
26 176
103 149
26 34
97 187
71 109
7 148
82 189
22 71
12 184
106 128
63 82
8 66
76 96
27 142
56 118
45 81
126 195
115 133
64 70
140 182
90 95
21 154
49 127
108 134
27 198
27 47
31 129
40 170
66 123
102 124
3 158
137 154
116 177
32 122
22 68
89 194
62 115
83 123
102 184
66 139
26 99
94 131
6 114
119 166
122 194
36 75
83 138
108 119
1 199
88 166
30 145
46 124
49 91
88 114
67 93
84 106
103 175
85 93
27 33
55 168
145 193
68 141
175 189
16 181
100 128
33 118
50 175
71 122
21 195
23 172
37 124
49 76
152 187
42 128
20 177
33 161
7 63
19 49
14 27
92 184
5 99
6 55
21 172
133 141
21 168
7 52
74 153
130 199
4 35
2 12
101 114
27 159
89 145
36 83
52 90
32 47
89 118
24 134
61 149
66 95
11 32
8 37
76 91
19 142
68 180
95 183
169 177
70 91
18 20
97 194
106 139
124 182
78 89
104 190
41 109
28 139
21 72
68 101
67 107
46 68
21 52
21 50
31 52
114 178
11 24
14 175
52 122
93 179
9 152
2 171
77 170
107 123
96 190
58 146
59 131
34 50
113 115
36 58
112 130
179 181
79 128
7 37
25 175
84 135
28 48
80 193
75 120
24 66
18 183
51 196
99 137
105 117
54 131
43 67
55 190
13 144
39 76
0 161
8 107
77 108
45 123
57 89
71 138
62 131
26 139
25 98
74 93
60 119
80 146
59 199
67 184
75 162
83 108
99 107
1 119
101 198
127 195
106 135
165 186
124 143
95 116
17 158
21 94
39 115
39 44
75 92
154 173
1 35
3 114
19 25
42 198
76 167
29 58
117 180
2 77
43 186
15 170
131 197
107 113
94 103
80 85
8 64
141 147
79 131
28 144
93 193
89 112
136 158
125 168
119 184
9 81
180 193
161 163
8 170
23 119
21 22
132 187
17 35
160 166
34 93
22 56
45 185
65 146
112 117
34 119
22 145
14 25
73 93
14 190
27 119
8 38
80 107
175 180
90 173
9 44
101 165
45 87
8 65
58 180
9 37
87 191
2 84
152 189
31 106
152 180
16 128
112 134
180 198
36 50
69 148
23 33
77 90
99 129
23 85
156 170
41 47
109 132
3 193
16 156
18 180
56 83
77 192
61 97
29 131
182 186
81 82
108 150
55 92
122 175
100 138
32 86
94 190
71 181
94 104
64 150
128 185
72 112
22 189
116 137
100 124
63 169
3 162
172 174
101 153
182 197
39 92
63 98
0 8
37 195
31 109
71 88
25 181
118 164
105 107
7 24
143 180
36 190
9 144
67 198
28 174
69 94
6 101
64 149
50 177
58 78
94 113
80 103
165 196
92 183
163 176
21 97
8 142
108 157
43 88
47 142
10 186
56 122
19 35
28 171
95 163
2 119
68 166
115 162
25 95
35 104
96 168
102 188
14 88
49 61
8 80
23 163
32 99
93 133
2 65
85 180
107 132
146 173
120 155
25 99
76 99
13 121
116 199
161 186
106 113
123 161
143 189
18 153
80 116
87 89
21 128
75 125
13 180
32 107
57 105
25 49
55 141
27 28
100 199
97 141
126 178
0 30
21 151
169 199
7 197
55 104
35 109
134 183
142 146
106 198
159 178
90 114
105 184
87 104
6 72
98 161
57 136
65 152
38 120
65 134
62 180
12 22
25 156
75 146
41 177
143 169
13 23
57 77
66 107
41 195
147 150
162 166
29 101
7 32
47 75
53 59
27 72
28 179
44 85
64 102
2 42
50 176
124 160
136 173
55 127
102 165
85 110
46 112
30 190
34 163
60 140
15 174
30 53
56 124
106 188
185 188
82 85
178 192
33 59
22 25
15 89
88 130
72 194
40 153
120 130
27 183
57 170
103 132
56 160
26 151
1 109
52 131
47 56
2 55
1 50
79 171
51 71
26 89
55 108
135 177
84 105
124 177
56 175
58 128
38 187
39 61
32 168
53 187
57 104
109 172
127 177
74 129
97 168
38 83
45 198
47 182
94 129
175 186
95 162
56 180
47 160
74 78
71 152
105 109
39 128
146 147
89 144
114 130
8 182
67 83
2 60
93 134
104 189
114 189
94 135
77 102
0 34
88 154
142 150
116 158
11 169
47 151
20 82
166 189
19 147
6 84
117 178
110 142
75 186
71 158
41 143
115 190
32 196
53 135
71 193
185 195
20 84
73 144
107 108
89 149
113 195
60 126
1 21
22 148
60 62
47 117
95 173
31 195
141 182
97 171
33 108
78 174
61 155
84 164
32 123
2 194
21 176
63 181
53 121
20 137
11 153
78 179
59 145
117 187
101 130
86 161
38 100
89 165
23 162
74 170
131 193
18 98
48 90
10 149
14 82
47 114
112 115
14 105
174 178
19 87
52 97
107 192
56 149
87 128
106 162
9 150
29 108
80 170
37 113
164 191
36 73
8 112
53 55
23 46
6 51
61 175
4 83
11 149
86 138
144 174
51 141
126 157
55 145
37 101
36 130
89 160
41 105
5 42
39 45
8 184
73 97
55 96
26 54
11 191
152 177
43 187
142 160
97 148
102 160
116 198
22 135
106 191
26 194
57 98
93 188
61 191
51 85
142 152
80 109
89 95
14 62
89 104
139 198
24 156
50 70
28 47
64 133
52 55
100 160
57 158
22 199
78 83
154 166
87 194
166 190
13 97
88 197
1 136
84 173
78 110
50 63
15 33
50 156
63 177
157 186
12 64
62 120
46 164
78 82
147 189
1 91
94 180
138 180
107 109
115 179
76 156
33 98
52 64
40 174
26 138
3 181
25 144
19 146
31 157
150 179
48 149
37 121
32 108
30 77
4 30
26 103
29 106
14 61
107 139
9 119
29 145
163 167
8 99
152 188
157 167
141 163
26 177
121 127
113 178
38 61
164 175
24 145
40 198
12 130
46 76
92 167
132 182
49 171
8 29
28 176
4 144
27 42
64 171
91 180
35 136
37 186
1 152
152 181
73 120
119 123
46 148
71 108
139 170
105 151
91 172
148 162
11 165
15 24
157 174
18 63
119 181
112 175
168 197
79 106
13 87
8 167
41 114
115 174
5 150
21 38
28 56
85 129
89 195
121 159
118 178
117 167
46 66
45 67
118 166
91 178
11 121
85 159
42 86
129 190
51 178
105 166
59 130
22 121
75 139
111 183
59 198
16 37
6 81
92 111
158 161
88 110
83 133
103 156
45 108
131 132
79 137
25 194
158 185
3 180
36 162
19 96
11 31
64 159
3 81
20 43
87 196
42 97
98 166
3 196
66 112
95 129
26 39
103 140
76 132
0 20
143 195
78 163
26 32
3 151
133 148
120 193
43 60
3 11
85 172
51 95
21 136
130 182
52 183
42 107
31 194
6 182
5 74
6 94
29 70
55 81
31 67
40 61
110 179
165 189
8 148
53 128
0 167
125 183
49 134
93 182
45 139
134 196
73 181
56 152
2 170
17 50
47 198
151 171
91 179
2 115
11 158
52 141
4 57
26 193
67 72
41 70
73 101
5 144
1 111
120 148
27 195
93 95
185 186
44 153
15 68
160 169
77 107
13 43
27 49
81 195
190 195
131 196
89 174
8 87
64 194
111 114
127 197
6 36
29 143
42 158
92 94
26 159
106 177
79 165
6 46
121 128
78 123
22 28
128 154
73 185
25 37
144 164
0 178
120 175
8 118
62 124
62 119
40 53
102 195
88 185
156 160
44 111
86 140
27 93
54 93
127 159
95 176
185 199
128 160
19 114
62 113
0 55
58 89
52 137
58 130
126 174
68 129
37 149
17 34
80 149
31 169
97 133
58 184
110 147
49 93
53 143
96 158
73 188
41 102
65 156
110 162
124 134
119 142
70 114
158 177
45 103
29 130
109 148
104 166
24 93
76 130
5 194
138 152
113 184
125 162
8 195
26 158
54 76
9 50
55 176
55 116
16 52
8 14
114 171
29 144
41 145
101 149
4 148
147 157
62 93
93 112
120 176
36 112
130 172
46 191
149 150
64 136
46 75
94 160
45 57
11 83
27 134
133 189
41 133
3 103
87 97
84 101
183 199
71 105
16 59
45 188
3 112
108 165
36 189
91 188
134 140
54 134
1 178
1 141
51 84
133 138
144 156
84 197
40 188
116 182
71 146
76 180
73 187
122 156
178 186
53 136
20 67
168 170
44 95
58 107
30 103
143 162
18 42
172 191
58 91
15 175
183 192
40 156
62 66
9 21
171 199
68 83
141 186
66 144
11 166
113 133
47 136
35 88
1 126
18 80
36 161
75 93
117 168
104 119
54 120
20 123
86 160
3 13
151 183
88 182
53 103
178 197
142 165
32 115
48 66
114 184
80 112
5 67
51 160
64 138
72 126
93 145
124 180
21 181
45 159
30 194
71 150
106 124
24 175
88 118
15 32
13 96
67 68
9 175
42 43
2 81
40 133
64 196
25 113
0 102
68 150
84 140
90 94
143 146
53 97
134 180
148 172
52 77
70 159
16 153
32 132
61 199
58 160
77 91
22 117
57 172
51 90
35 41
1 15
132 138
44 110
88 145
69 174
51 174
165 193
12 40
13 147
111 133
3 130
7 194
6 13
10 59
96 128
39 194
14 122
39 108
38 184
32 183
12 161
28 134
21 76
72 89
104 134
68 153
118 149
36 151
38 91
104 118
25 151
162 169
46 132
78 85
45 146
22 182
60 101
79 159
158 175
46 50
118 159
104 146
72 110
15 191
87 113
8 125
17 143
14 137
112 114
138 156
100 147
174 191
78 119
84 162
34 81
68 167
114 126
35 40
61 139
142 153
49 185
105 152
77 126
149 169
61 84
21 28
29 95
44 89
16 63
46 88
61 129
134 193
32 194
97 142
48 135
29 80
78 84
28 187
120 153
25 124
58 154
59 184
121 188
13 104
27 135
80 154
96 139
10 24
33 126
15 54
87 172
55 100
24 179
9 163
0 59
63 157
44 180
74 96
46 142
42 93
172 187
11 81
165 197
79 173
104 130
11 98
26 178
35 106
113 126
56 179
17 157
23 55
14 189
103 170
50 114
155 181
72 128
84 142
52 86
81 155
95 190
42 94
10 170
5 197
35 49
8 196
2 5
121 138
66 157
60 84
16 62
39 75
36 179
21 89
104 194
94 193
5 46
44 50
130 168
79 179
134 197
29 83
29 138
110 152
63 111
58 153
86 183
36 48
4 67
14 98
24 29
19 52
9 180
54 85
71 116
43 114
55 89
115 126
67 91
7 70
125 196
110 131
78 86
73 182
131 163
18 64
86 98
70 122
98 118
65 147
91 118
31 45
7 156
120 168
2 69
93 190
15 131
50 171
39 41
55 133
9 182
65 110
34 129
19 48
73 125
22 110
10 51
90 139
83 158
109 151
81 86
42 62
48 164
120 179
69 100
147 166
31 107
25 164
55 114
145 149
88 190
8 124
5 95
13 57
4 146
105 137
42 85
8 198
8 177
82 120
44 131
41 63
48 155
16 195
134 179
94 164
33 149
41 115
137 196
61 74
45 132
43 131
75 142
183 185
54 176
53 64
10 40
85 146
39 195
32 176
68 76
20 158
133 193
48 132
41 111
139 178
67 124
95 107
30 149
85 199
25 131
57 169
52 110
124 147
24 158
1 26
102 134
27 137
95 191
11 164
10 91
139 144
125 169
124 184
55 137
75 95
77 128
95 186
4 101
56 139
43 132
138 160
18 44
63 131
111 143
14 169
23 195
80 117
143 175
10 39
21 56
33 120
111 137
145 167
92 154
103 111
23 57
63 97
26 117
2 108
16 117
128 130
69 110
28 58
63 189
23 173
16 48
75 110
16 82
92 110
153 162
103 176
49 69
73 189
1 195
138 175
31 130
86 159
89 188
18 86
82 163
70 127
46 73
7 111
20 63
22 166
116 189
88 117
10 173
37 95
73 166
40 165
14 78
110 164
39 53
67 140
58 125
43 81
101 164
100 172
23 187
104 168
67 164
33 133
29 61
27 170
67 183
8 76
121 132
65 186
2 145
78 138
150 166
174 188
22 49
190 199
22 142
146 150
2 34
44 74
93 166
24 34
190 197
25 133
10 34
39 172
62 155
37 187
48 50
77 185
12 106
129 142
46 149
0 110
117 118
48 56
175 181
74 166
177 188
65 189
16 23
143 149
19 26
36 198
78 184
111 175
15 120
122 167
11 89
98 169
1 167
74 185
150 189
108 199
2 45
3 118
80 120
51 182
82 98
42 44
17 159
139 148
169 178
31 93
10 140
69 184
180 185
112 113
13 199
120 122
70 183
110 176
157 185
32 124
53 165
65 187
14 136
66 168
3 8
135 191
90 198
74 181
29 134
96 159
167 190
117 175
108 136
52 176
81 161
22 169
19 21
10 135
51 88
29 92
29 139
38 64
32 72
59 100
49 141
72 101
90 153
100 170
140 195
126 164
76 83
25 65
10 126
125 170
85 125
4 192
155 190
140 164
47 130
93 150
169 194
63 193
47 93
14 21
33 95
26 116
77 129
97 182
158 186
39 175
25 145
50 96
101 175
58 99
92 105
137 171
42 68
39 155
64 111
40 82
16 85
36 127
109 187
113 197
69 154
48 168
91 102
81 128
82 182
65 74
3 14
79 151
93 124
57 189
40 96
37 86
42 81
102 181
164 187
8 22
111 186
59 140
60 192
61 154
124 157
64 83
28 72
27 43
136 194
66 187
23 92
0 194
115 142
51 116
26 128
87 160
130 154
101 123
80 129
136 181
21 59
110 130
101 161
136 168
153 167
138 193
23 121
26 113
27 140
45 156
0 170
110 139
89 119
31 179
131 133
45 101
0 77
49 60
59 157
24 138
61 107
30 97
80 119
29 148
118 181
183 198
51 62
161 166
11 34
104 153
70 197
22 161
55 58
139 177
27 144
78 148
57 88
45 187
159 187
137 185
65 179
143 176
79 142
21 46
90 155
6 184
29 30
125 151
99 119
97 145
38 164
94 148
68 104
113 185
56 136
42 58
143 164
147 170
5 80
37 77
18 179
43 89
86 188
23 183
61 145
24 180
29 171
53 98
178 187
33 132
84 86
144 193
83 199
15 160
123 183
21 25
101 134
57 102
36 88
26 43
50 164
103 186
94 184
47 173
61 166
42 49
164 177
117 177
112 126
65 129
102 187
102 109
57 67
104 167
2 135
30 106
12 118
25 72
108 118
14 139
96 172
33 105
2 109
112 142
45 64
24 170
36 163
31 68
11 143
24 98
101 121
43 164
85 87
6 189
122 158
37 62
10 54
87 120
64 74
129 159
114 181
0 126
70 177
41 56
29 107
131 151
15 34
99 148
74 116
170 195
64 185
130 153
25 109
74 91
68 173
21 109
33 167
5 79
135 143
11 108
92 137
41 146
112 194
65 81
87 170
144 180
124 194
114 152
30 31
182 185
11 45
93 106
13 154
26 59
111 146
29 198
23 51
84 124
59 155
112 120
125 137
5 174
140 170
0 107
77 85
62 147
96 154
117 121
77 157
57 171
47 123
136 180
7 122
7 198
58 112
52 179
72 198
118 148
39 124
6 109
21 57
7 149
130 179
6 198
32 103
46 188
52 196
88 104
115 157
53 194
69 138
63 100
5 136
7 26
166 169
103 183
23 114
80 128
3 192
36 160
67 106
103 134
0 35
108 155
41 136
8 54
16 161
73 186
86 190
28 65
133 188
80 182
107 165
82 199
69 193
143 159
45 54
56 59
63 121
36 66
86 156
65 168
10 188
85 174
137 160
100 146
72 132
68 98
9 35
81 108
49 186
52 70
84 151
57 111
180 192
47 187
17 95
95 99
73 128
28 70
12 30
64 68
6 37
113 142
118 171
43 144
9 187
165 167
25 28
47 51
36 133
15 197
37 117
75 91
7 153
10 196
125 159
102 152
9 166
13 162
144 189
38 143
29 167
116 144
103 131
160 188
66 75
141 145
76 134
12 170
1 57
38 101
15 50
82 103
12 167
8 130
39 57
41 187
61 194
99 166
60 82
8 144
91 167
10 94
73 109
55 111
157 163
96 129
104 108
159 172
78 79
24 100
35 191
115 183
56 176
32 90
66 88
60 163
4 21
87 116
8 173
20 160
18 104
68 81
39 169
160 163
132 199
123 139
32 173
72 191
23 157
70 125
19 23
27 108
11 56
68 194
143 198
108 163
111 139
57 181
100 140
27 75
122 187
30 47
122 169
9 56
21 127
18 83
59 89
113 125
16 76
49 121
20 192
19 135
50 106
131 185
10 45
9 178
126 188
29 177
144 147
108 161
7 176
8 17
9 177
14 94
88 100
47 146
24 182
130 173
137 142
110 117
43 70
91 132
22 154
17 191
75 150
50 81
75 195
110 191
118 153
20 189
3 119
24 64
100 194
49 160
105 162
40 69
133 161
41 50
6 92
90 191
78 192
117 164
53 114
112 164
38 168
9 129
12 103
25 126
46 178
37 41
29 172
30 138
69 176
38 62
45 98
37 142
115 185
54 66
8 94
141 151
19 40
91 114
43 157
92 101
36 186
84 179
49 95
64 137
86 111
150 183
29 141
17 116
32 52
104 154
67 95
12 183
38 51
3 184
10 78
145 176
104 161
36 62
18 158
57 163
1 174
52 198
55 87
20 106
62 127
57 69
9 118
152 186
32 161
21 121
115 178
9 103
21 150
102 175
36 124
2 123
98 150
144 179
118 135
6 197
8 36
69 172
34 56
80 88
152 175
17 135
33 154
71 153
120 173
52 125
97 190
9 64
16 174
35 70
14 29
16 192
67 113
36 165
35 89
67 114
0 9
101 155
47 128
79 110
107 142
101 183
70 149
48 121
56 186
10 178
97 137
7 43
0 151
54 105
29 181
78 92
34 44
46 166
23 69
104 109
35 124
3 73
31 34
160 171
42 45
6 144
64 134
18 66
117 147
59 88
3 78
159 189
108 164
41 127
155 168
15 95
112 185
112 186
31 73
0 182
5 114
26 187
32 43
9 46
8 108
135 144
61 148
86 172
86 180
43 163
66 182
28 55
58 105
6 112
14 49
60 133
118 163
52 119
84 102
68 111
27 156
49 188
134 169
63 73
44 162
47 66
171 173
54 135
81 139
35 115
70 194
8 61
116 126
92 179
85 194
35 127
9 83
85 176
128 192
102 112
89 116
37 127
119 154
126 191
3 49
160 167
87 171
17 187
151 154
138 142
70 86
11 50
6 174
82 126
154 176
111 176
56 81
65 76
69 196
71 139
55 101
79 162
134 158
76 191
32 111
47 119
4 54
67 80
15 190
71 195
61 86
58 158
38 118