52
4
5 8 4 2
4
8 5 4 2 
10
35 4 50 19 39 1 39 28 18 29 
20
51 41 95 96 25 20 26 77 95 59 3 72 67 79 94 52 85 19 65 20 
30
260 9 120 472 4 446 282 5 393 186 314 199 90 223 439 38 411 462 235 9 462 460 494 16 270 438 370 59 201 472 
4
7 2 6 5 
6
3 1 10 8 4 8 
6
3 7 1 2 7 6 
6
8 6 5 2 3 1 
6
1 2 5 7 1 8 
8
2 8 8 8 8 4 4 6 
8
10 10 9 2 9 3 7 7 
8
1 4 9 1 2 3 6 1 
10
10 5 8 9 4 6 2 3 1 2 
10
7 5 1 7 2 9 10 9 5 2 
10
44 49 34 8 22 11 18 14 15 10 
10
17 36 2 1 50 20 7 49 4 25 
12
9 45 10 40 3 46 36 44 44 24 38 15 
12
4 49 1 9 19 31 47 49 32 40 49 10 
12
8 23 23 39 43 39 30 41 8 9 42 16 
12
39 7 12 3 35 23 6 29 47 13 37 26 
12
34 20 43 45 17 32 49 23 2 22 50 8 
12
27 43 40 26 13 1 11 4 20 12 39 2 
12
40 6 24 3 36 33 36 39 27 18 8 33 
14
33 70 55 22 90 77 30 69 93 26 56 35 50 42 
14
13 46 61 19 54 40 24 80 97 88 30 50 38 67 
14
50 94 96 98 17 87 6 89 83 56 35 15 2 17 
16
72 87 64 14 56 86 54 13 9 33 46 14 57 22 59 47 
18
83 82 45 97 23 30 62 36 51 74 67 45 60 93 40 54 25 55 
18
11 46 50 87 14 75 23 69 19 88 6 59 92 3 26 78 15 15 
18
25 35 75 73 60 34 71 88 98 19 78 74 71 64 69 93 86 3 
18
81 14 28 3 100 28 26 44 25 24 73 62 82 4 33 6 94 26 
20
32 93 43 23 87 65 1 88 61 14 75 71 71 36 34 12 61 97 68 86 
20
153 1 88 61 127 11 158 171 116 177 28 44 159 165 110 83 87 166 88 178 
22
75 26 28 30 129 24 121 103 163 124 197 138 62 196 126 65 61 3 117 31 127 12 
22
172 12 148 154 121 191 125 189 164 141 52 63 30 101 114 159 179 166 8 78 1 59 
22
40 104 161 158 125 78 109 114 88 2 51 61 29 194 185 6 141 112 105 36 157 73 
22
151 24 86 157 17 27 158 127 158 138 72 70 162 97 23 18 113 118 97 186 42 24 
22
130 30 166 160 133 97 56 54 163 185 135 55 173 58 170 133 164 8 84 112 36 68 
22
49 76 139 24 143 155 112 142 176 60 26 22 71 27 135 6 184 51 199 80 102 194 
24
135 38 135 157 194 177 106 163 149 82 101 14 42 56 56 143 63 12 78 25 79 153 44 97 
24
74 41 114 76 73 19 11 18 133 113 96 170 32 41 89 86 91 98 190 191 146 154 115 52 
26
141 45 59 136 160 193 6 65 182 104 30 176 9 93 198 150 157 162 28 68 142 130 41 14 175 2 
26
78 216 184 214 493 325 102 393 260 171 429 28 85 76 287 499 471 288 348 105 4 222 164 207 364 11 
26
172 490 241 165 43 120 414 92 205 319 233 251 206 476 40 304 423 99 248 85 149 472 365 414 76 46 
28
213 47 179 270 263 20 486 290 445 366 41 246 9 319 371 102 324 133 473 153 88 71 264 402 104 424 28 101 
28
470 16 66 29 44 348 89 444 138 410 464 50 182 89 343 109 61 222 259 455 389 147 191 450 344 431 121 249 
28
68 37 284 36 227 186 39 354 130 225 249 424 360 258 267 445 456 319 227 412 26 356 2 50 497 85 16 465 
28
343 76 414 143 197 449 73 427 107 174 430 405 206 127 313 376 94 66 37 237 142 315 495 257 153 437 339 483 
28
356 16 132 231 342 126 12 138 187 191 151 163 135 394 354 417 453 9 263 234 455 304 135 304 257 149 125 318 
28
214 110 29 201 81 319 359 51 156 362 265 404 177 144 410 403 62 490 449 283 154 175 221 403 424 332 370 379 
30
265 118 216 56 316 331 40 213 289 83 455 86 211 485 275 381 316 452 42 116 180 111 399 74 289 478 133 457 190 114 
