5
2 4
1 2
1 2
3 5
1 0 0
1 1 1
1 0 3
12 17605
77 6 68 22 13 0 42 37 38 88 55 89
47 81 93 84 87 61 93 17 1 82 47 65
53 4 84 95 25 21 64 81 72 6 56 43
93 80 80 68 11 13 68 51 16 79 68 40
31 33 79 63 59 53 36 95 65 74 20 35
80 76 55 25 71 8 59 56 2 32 5 40
75 62 85 62 80 36 97 2 8 80 40 76
58 93 40 46 74 73 97 80 35 72 0 7
55 66 41 88 81 68 15 96 25 9 12 36
55 62 43 42 21 22 12 48 18 68 17 14
50 90 35 59 69 95 3 40 79 99 5 91
61 81 52 53 33 29 87 42 53 83 20 14
13 29657
18 1 42 76 6 2 84 23 70 12 50 75 11
50 95 88 20 1 83 98 92 48 84 45 87 62
43 58 59 71 16 72 32 41 83 88 15 76 16
98 39 83 5 97 46 69 75 17 87 20 30 42
35 89 73 80 73 77 86 81 85 22 45 79 85
13 35 35 83 86 96 48 85 52 21 60 82 36
88 19 36 92 65 78 98 96 86 11 76 47 21
2 45 2 64 39 72 57 70 20 54 59 80 98
91 60 10 91 67 33 75 36 99 75 90 76 56
72 3 86 67 15 42 95 66 56 86 37 98 26
64 85 65 8 40 60 14 54 12 52 38 6 25
30 49 79 79 13 38 17 21 45 91 69 39 8
65 62 73 81 70 47 53 8 8 15 29 66 89
19 12245
63 29 52 64 69 70 5 47 94 87 26 76 23 40 79 90 88 10 71
45 21 70 83 89 55 78 79 6 62 35 87 96 33 88 35 79 93 90
62 65 1 5 7 67 69 34 71 57 98 45 97 18 38 44 72 63 28
64 1 23 90 4 1 27 97 92 71 63 1 63 21 65 21 45 10 95
41 22 12 51 15 55 93 38 79 82 8 54 22 7 45 38 44 90 39
54 4 23 25 78 24 81 30 33 23 94 30 46 87 45 5 16 50 89
38 63 35 97 9 30 24 8 37 74 20 72 93 55 34 61 56 6 84
75 82 19 41 32 84 79 79 83 67 36 25 18 37 28 19 77 37 91
56 95 60 1 93 32 36 80 75 7 84 74 19 90 76 41 51 29 90
74 72 91 89 87 90 39 93 53 63 81 3 5 76 79 95 39 68 98
83 39 15 21 93 26 22 38 28 81 99 78 91 23 43 34 43 49 2
7 2 41 87 46 91 37 13 0 16 90 62 35 26 10 77 82 60 89
5 74 63 22 95 66 60 38 88 11 45 67 25 67 89 42 63 47 2
17 99 23 26 3 48 51 70 36 58 67 56 5 31 62 19 75 56 31
95 44 91 3 88 15 50 19 72 91 83 33 75 42 69 0 54 78 85
57 33 93 90 3 50 33 22 71 11 90 38 41 58 47 52 58 79 2
83 90 2 68 22 95 35 8 61 42 94 99 88 78 42 57 41 47 69
45 80 13 64 10 61 85 73 4 62 3 2 69 54 29 52 74 49 30
44 44 49 18 65 63 52 73 70 31 47 11 69 98 98 3 52 79 53