Case #1
27 54
27 54
Case #2
1 0 0
63 1 121
121 0 243
Case #3
65678005 31006702 63888456 5791918 59724818 61497151 43798860 21816116 57805265 46879381 48355425 85284348 
90676220 80854614 99316015 32109180 26811424 12402020 98529339 683618 94553122 98301378 57851817 50213836 
55845535 90196503 98447642 25411743 61283361 25176549 80577623 43926756 95867403 19039770 724802 26959007 
40527427 66564749 31215703 52143773 95075735 77039820 72530279 37680109 60070459 7217682 72605716 65183619 
20688432 71412630 39238833 56240681 33801288 80655104 64072842 52466319 68466943 26101592 97387675 41400190 
65888934 88944429 78811891 6636887 49907694 14058817 92608835 47475953 56796951 31853867 14518831 15870088 
75930229 45499232 11724344 51911349 74999151 15349861 54495344 56310336 58241265 31261328 71336438 77228827 
32634715 11054384 42677604 91373687 92103581 88299372 41321004 88769040 24186376 50690083 52193105 62887151 
22590782 39932438 49825202 8970516 74718054 76156157 52329951 18520420 52584604 34887265 30058359 52943271 
61375067 35006582 12040092 33959711 97068140 23373110 37202564 73450740 55471648 2975482 1597120 10706498 
73689682 61190994 41522578 99710010 74194674 37017910 74341676 17437965 94958443 27750012 23621876 71584219 
79441181 69809515 24429200 64509236 23151319 26972934 17100086 29615824 12080804 1174154 6076956 82783697 
Case #4
68775337 70748547 64747741 41865345 86729183 97532689 27849884 1989022 46666227 71347342 71543106 58719104 37735039 
32224639 38869735 23899057 11512703 61138254 83206162 6210099 76112799 22268203 60426981 22577338 10974850 69531946 
89918277 31795082 92246232 53941108 72195038 78574105 81230674 86649959 48447179 20317242 35062118 7791234 51256328 
64447066 95247568 14132135 8096462 14086074 4526484 46652295 82744979 80677247 6908269 57293214 62115944 75912433 
66719613 74686731 82271980 12988212 89560070 18059871 64892135 25790184 7344532 42696455 20948638 42249979 62076059 
70644273 13318814 69148978 44876016 86384780 99490806 28571294 33683372 65125677 18284493 80874531 83814471 74878667 
21187418 92547586 78418078 29363314 75346427 26058453 70029492 97449364 51574850 56490076 40362928 69913096 22384513 
56581950 91486410 30983301 43506003 96830162 67342939 39887243 99770450 99088894 51428949 91460577 30729160 20737876 
42487997 85586744 48111482 77841312 27930425 58908257 88807649 53886107 70799720 22067314 27414080 3050118 17491149 
6296196 61853097 39376607 31367077 55261203 66301359 35825355 29000269 68827138 75365668 41119794 14345360 82195577 
39263942 63735997 49164365 47769651 97302753 69074976 57475832 75066825 8969540 42882873 26587235 42298763 7619500 
48500822 58132930 8243801 46622073 91537618 3422277 929002 57400424 10455150 18008792 38748335 84175656 30315058 
43578691 29237650 29172077 15883385 46407978 20951652 20977809 7256992 24000842 68734565 77945395 38688649 42688613 
Case #5
7907316 8156970 68284027 21982563 20359964 57069905 76915510 62973882 88699660 7723756 62683533 41966866 53935357 97007425 22456146 68647227 79073028 33374919 20176749 
2447306 79726234 30036843 71126318 54224969 77896629 88731837 7987282 92386421 3572644 66749653 85238107 34719278 38852335 62078580 79207543 50659928 49218608 32089034 
72242092 39366093 79725739 95516451 12843840 27088992 25709438 11671805 23423714 58964062 51377453 13149414 62867989 33418903 67213979 42400251 20010863 87569554 84439543 
14868026 94017547 34488700 535120 22399304 30793431 51100194 39727180 18627980 3905425 34862628 42847067 90032888 12413579 31756150 20472055 39984680 88181473 72929255 
96141293 93421976 68881106 53698429 15376777 91337455 25591814 46997003 10191380 90848066 82274814 3336460 40737439 41665984 11496300 88844952 13510078 75646407 24604560 
73849731 34517123 72598502 97520129 81340166 55322091 23488847 48055410 17010087 81336457 82886924 87473128 37532892 28848637 17949542 59142872 12779178 86460580 46550298 
10478975 4375910 41833239 76703464 89791515 67985367 35230056 27203676 5470198 33137023 31326479 61946024 41409625 92446624 76739947 90615059 26734616 31288159 99435032 
21872075 29832822 55678146 33155747 35125174 32046189 35874442 8470617 98741337 34490527 90832206 95903341 4411450 96053692 29975586 58877450 77653404 79486411 75853882 
47464918 73647936 88107635 76781095 38560525 59068065 95966580 4214254 18911733 37670634 43415946 93925567 45282904 23342015 48369672 58011538 58239801 72077759 33530793 
54679828 81574147 51001701 13160082 16540463 9167358 76193961 55751400 12083034 74263707 23387465 9125500 70665872 26273953 53854826 38504019 82725729 66638825 92118180 
50651928 48987681 34597550 94602950 87807527 9536940 78755628 61993881 79329294 77230465 5203390 23446376 8460153 87338410 68688836 33730732 11774766 22085047 15318835 
92713700 42759454 93303224 96355219 97861252 42725105 90103869 78371507 95681655 67176473 41914990 22653828 72398800 36264377 16776297 89011489 6169988 38410012 11057198 
90100495 45292382 3840852 42670468 69453228 15351344 60340196 57632560 2490368 44359661 94941508 23499394 95320237 90784935 92240471 8128724 6725194 96562235 42307976 
48420750 75624525 17871362 54038762 30865624 19180441 1713422 50929983 14763604 89091519 65908014 43973511 74103075 26770485 63374188 75421333 85450560 40456827 71783540 
40393449 31951429 51490111 42763897 97543153 83050108 94962169 36202936 35920917 13057853 27286425 6508979 50098038 45048646 57643045 45083127 72272215 95270588 46715418 
14012674 55492686 60393882 51468723 27388943 70567179 7809840 8421026 13676595 62333558 18906272 93095080 5084960 12373208 33537352 90782915 8412693 59179658 92728248 
59653767 61489498 80523887 67042455 40135825 61111556 44586049 42698029 5686709 85812237 80298612 61784112 95238417 29987313 63568273 7236479 93469736 45543787 32314898 
90616141 72155964 20073135 92100668 17414910 63780405 74595716 59157054 62232168 77537308 63088367 9320624 16417088 46535924 75488166 69524956 1506075 48247852 28356885 
60015174 44269477 17394272 78077885 36058108 14432856 9787248 63002428 78884305 4329070 14173574 97621099 46244852 44449682 18264585 13872097 46681115 5239429 50107045 