11
5 7
0 0 0 0 0 0 0
0 3 0 0 0 1 0
0 0 0 0 0 0 0
0 1 0 0 0 1 0
0 0 0 0 0 0 0
5 15
0 0 0 0 2 0 2 0 0 0 0 1 2 0 1 
0 0 0 1 0 2 0 2 2 0 1 2 0 0 0 
2 1 0 2 0 1 0 2 0 0 0 0 0 0 0 
0 0 0 1 0 2 0 0 1 2 0 0 2 0 0 
0 2 1 0 2 0 0 0 0 0 3 0 0 0 0 
9 15
2 0 2 2 0 2 0 0 2 0 0 0 0 0 2 
0 2 2 2 0 0 0 0 0 2 0 1 0 0 2 
2 0 0 1 2 0 3 0 1 0 0 0 0 2 0 
2 0 0 2 2 0 0 0 0 0 0 0 0 0 0 
0 2 0 0 0 0 0 0 0 0 0 0 2 0 1 
2 0 0 0 0 0 0 0 2 0 2 0 0 0 0 
0 0 2 2 0 0 0 0 0 0 0 0 0 2 0 
0 0 0 2 0 0 0 0 2 0 0 0 1 0 0 
2 0 0 0 2 0 1 2 2 0 0 0 0 0 2 
14 32
0 0 0 2 0 1 0 2 2 0 0 0 0 0 0 0 2 0 0 0 0 0 2 0 0 0 2 0 2 0 2 2 
0 0 0 0 0 0 0 0 2 2 2 2 0 2 0 0 0 0 0 2 2 0 2 0 0 2 0 0 0 0 0 0 
0 0 2 0 0 0 2 2 2 0 0 0 0 2 0 0 0 3 0 0 2 0 2 0 0 2 0 0 0 0 0 2 
0 0 0 0 0 2 0 0 0 0 0 0 0 0 0 0 2 0 0 1 0 0 0 2 0 0 0 0 0 0 2 0 
0 0 2 1 0 0 0 0 0 0 2 2 0 0 0 0 0 0 0 2 0 0 0 0 0 0 2 0 0 0 2 0 
0 0 0 0 0 0 0 0 2 0 0 0 0 0 0 0 2 0 0 0 0 2 0 2 0 0 0 0 0 0 0 2 
0 2 0 0 0 0 0 0 0 2 0 0 2 0 0 2 0 2 0 0 0 0 0 0 0 2 0 0 0 2 2 0 
0 0 0 0 0 2 2 2 0 0 0 0 0 0 0 0 0 0 0 0 0 0 0 0 0 0 2 0 0 2 0 0 
0 2 2 0 0 0 0 0 2 0 0 2 2 0 0 2 0 0 2 2 0 0 2 0 2 0 0 0 2 0 0 0 
0 0 0 0 0 0 0 0 0 0 0 0 0 0 0 0 2 2 0 0 0 0 0 0 0 0 0 0 0 0 0 0 
0 2 0 0 0 2 2 0 2 2 0 0 0 0 0 0 2 0 0 0 0 0 0 0 0 0 0 2 0 2 0 0 
2 2 2 0 0 0 0 0 2 0 2 2 2 0 0 0 2 0 0 0 2 0 0 0 0 0 2 0 0 0 0 2 
0 2 0 0 0 2 0 0 0 2 0 0 1 0 0 2 0 0 0 1 0 0 0 0 0 2 0 0 0 0 0 0 
0 2 2 0 0 2 0 0 2 0 2 1 0 2 0 0 1 0 0 0 2 2 0 0 0 2 2 2 0 0 2 0 
14 42
0 2 0 0 0 0 0 0 0 2 2 2 0 2 0 2 0 0 2 0 2 0 0 2 0 0 0 0 0 0 0 0 3 0 2 0 2 0 0 0 0 2 
0 0 0 0 0 2 2 2 0 0 0 2 0 2 0 0 0 0 0 2 0 2 0 0 0 1 0 2 1 2 0 0 0 0 0 0 0 0 0 2 2 1 
0 0 0 1 0 2 0 2 0 0 0 0 2 0 0 0 0 0 0 0 2 0 0 0 2 2 0 0 0 0 2 2 1 0 0 2 0 0 0 2 0 2 
0 0 2 0 0 0 2 0 0 2 0 0 0 2 0 0 0 0 0 0 0 2 2 2 0 0 0 0 0 2 0 0 0 0 0 2 2 0 0 0 0 0 
0 0 0 0 0 0 0 0 0 0 0 2 2 0 0 0 0 0 0 2 0 0 0 0 0 2 0 0 0 0 2 0 0 2 0 0 0 2 0 0 0 0 
2 0 0 0 0 0 0 0 0 0 2 0 2 0 0 0 0 0 2 2 2 0 0 0 0 0 0 0 0 2 2 0 0 0 2 2 0 0 2 0 0 0 
0 0 0 0 0 2 0 2 0 2 0 0 0 0 0 0 0 2 0 0 0 0 0 1 0 0 0 0 0 0 2 0 0 0 0 2 2 2 0 0 0 0 
0 0 0 2 0 0 0 0 0 0 0 0 2 2 0 0 0 2 0 0 0 0 0 2 0 0 0 0 2 0 0 0 0 0 0 0 0 2 0 0 0 2 
0 0 0 2 0 0 0 2 1 2 0 0 0 0 2 0 0 0 0 0 0 0 0 0 2 0 0 0 0 2 0 0 0 0 0 0 0 0 0 0 0 2 
0 0 0 2 1 0 0 0 0 0 0 0 0 0 0 0 0 2 2 0 2 2 0 2 2 0 0 0 0 0 0 2 0 0 0 0 0 0 0 0 0 0 
0 0 0 0 0 0 0 0 2 0 0 0 0 2 0 0 0 2 2 2 0 0 0 0 0 2 0 0 0 0 0 0 0 0 0 0 2 2 0 0 1 0 
0 0 0 0 0 0 0 0 0 0 0 0 0 0 0 0 0 0 0 0 0 2 2 0 0 0 0 0 0 0 0 2 0 2 0 0 2 0 0 0 0 0 
2 0 0 0 0 0 0 0 0 2 0 0 0 0 2 0 0 0 2 0 0 2 0 2 2 0 2 0 0 2 0 2 2 0 0 0 0 0 0 0 0 0 
0 0 0 0 0 1 0 0 2 2 2 2 0 0 0 0 0 0 0 0 0 0 0 2 0 0 0 0 0 0 0 0 0 0 2 2 0 0 0 2 0 0 
16 22
0 2 0 0 0 1 2 0 0 0 1 2 0 0 2 0 2 0 2 0 2 0 
0 0 0 0 0 0 0 0 2 0 2 0 2 0 0 0 0 2 0 0 0 2 
1 0 0 2 0 2 0 2 2 0 0 0 0 0 0 2 0 0 2 0 0 2 
2 0 0 0 0 0 2 2 0 0 0 2 0 0 0 0 0 2 0 0 0 0 
0 0 0 0 0 0 2 0 0 0 0 0 0 0 2 2 2 0 2 2 0 0 
2 0 0 0 2 2 2 0 0 2 0 2 0 0 2 0 2 0 0 0 0 2 
2 0 2 0 0 0 0 0 0 2 0 0 0 0 0 2 2 0 0 0 2 0 
2 0 0 2 2 0 0 0 0 0 0 0 0 2 0 0 0 0 0 0 0 0 
2 0 0 2 0 2 0 2 0 0 2 2 0 2 0 2 0 0 0 0 0 2 
0 0 0 2 0 0 2 0 0 0 0 0 0 0 2 0 0 0 2 0 0 2 
2 2 0 0 2 0 2 1 0 3 0 0 1 2 0 0 0 2 0 1 0 0 
0 0 0 2 0 2 0 0 0 0 2 2 0 2 2 0 0 0 0 0 0 1 
2 2 0 0 2 0 2 0 0 2 0 0 2 2 1 0 2 0 0 0 2 0 
0 0 0 0 0 0 2 0 2 2 2 0 0 0 0 0 0 0 2 2 2 2 
2 2 0 2 0 0 0 2 0 1 0 0 0 2 0 2 0 0 0 0 0 0 
0 0 0 2 0 2 2 0 0 0 0 0 0 0 0 0 2 0 0 0 0 0 
16 44
0 0 2 0 0 0 0 0 0 0 0 0 0 0 0 0 0 0 0 2 0 0 0 0 0 0 0 0 2 0 0 0 0 2 2 0 0 0 0 0 0 0 2 0 
0 0 0 0 0 0 0 0 0 0 2 0 0 0 2 2 0 2 0 0 2 0 2 0 2 0 0 2 0 0 0 0 0 0 0 0 0 0 0 0 0 0 0 0 
2 0 0 0 2 0 2 0 0 0 0 0 2 0 0 0 2 2 0 0 2 0 0 0 2 0 0 0 2 0 0 0 0 0 0 0 0 2 0 0 0 2 2 0 
0 0 0 0 0 1 2 0 0 0 0 0 2 0 2 0 0 2 0 2 0 0 0 0 0 0 0 0 0 0 0 0 0 0 0 0 0 2 0 0 0 0 0 0 
0 2 2 0 0 0 0 2 0 0 0 0 2 2 0 0 0 0 0 0 2 0 0 0 0 0 0 0 0 0 2 0 0 0 0 0 0 0 2 0 0 0 0 2 
0 0 2 0 0 0 0 0 2 0 0 0 2 2 0 0 2 0 0 0 0 0 0 0 0 0 0 0 0 0 2 0 0 0 0 0 0 0 0 0 0 0 0 0 
0 0 0 0 0 2 0 0 0 2 0 0 0 0 2 0 0 0 2 0 0 0 0 0 0 0 2 0 0 0 0 0 0 0 0 0 0 0 0 0 0 0 0 0 
0 0 0 0 0 0 0 0 0 0 0 2 0 0 0 2 0 0 2 0 2 0 0 0 0 0 0 0 0 0 2 0 2 0 0 0 0 2 0 2 0 0 0 0 
0 0 0 0 0 0 0 0 0 2 0 0 0 0 0 0 0 0 0 0 0 2 0 0 2 0 0 2 0 0 0 0 0 0 0 0 0 0 2 0 0 0 2 0 
0 0 0 0 2 2 0 0 0 2 0 0 0 0 0 0 0 0 0 0 2 0 0 0 0 0 0 0 0 0 0 0 0 0 0 0 0 0 0 0 0 0 0 0 
0 2 2 0 0 0 0 0 0 0 0 0 0 0 0 0 0 0 0 0 2 0 0 0 0 2 0 0 0 2 2 2 0 3 0 0 0 0 0 0 0 0 0 0 
0 0 0 0 0 0 0 0 0 0 0 0 0 0 0 0 0 2 0 0 2 0 2 0 0 2 0 0 0 0 0 0 0 0 0 0 0 0 2 2 0 0 0 0 
0 0 0 2 2 0 0 2 0 2 0 0 0 0 0 2 0 0 0 0 0 0 0 0 0 0 0 2 0 0 0 0 0 0 0 0 2 0 0 0 0 0 0 0 
2 2 0 0 0 0 0 0 0 0 0 0 2 0 0 0 0 0 0 0 0 2 2 2 0 0 0 0 0 0 0 0 0 0 0 0 0 0 0 2 0 2 2 2 
0 0 0 0 0 2 0 2 0 0 0 0 0 2 0 2 0 0 2 2 2 0 2 0 0 2 0 1 0 2 0 0 0 0 0 0 0 0 0 0 0 2 0 0 
2 0 0 0 0 2 0 2 2 0 0 0 0 0 0 0 2 0 0 0 2 0 2 0 0 0 0 2 0 0 0 0 2 0 2 0 0 0 0 0 0 0 2 0 
19 37
0 0 0 0 0 0 0 0 0 0 2 0 0 2 0 0 0 0 0 0 0 0 0 0 0 0 2 0 0 0 0 2 2 0 0 0 0 
0 0 0 0 0 0 0 2 0 0 0 0 0 0 2 2 0 2 0 0 0 2 2 0 0 0 2 0 0 0 0 0 0 2 0 0 0 
0 0 0 2 0 0 0 2 2 0 0 0 2 0 0 0 0 0 0 0 0 2 0 2 0 0 0 0 0 0 0 0 2 0 0 0 0 
0 2 0 0 0 0 0 0 0 0 0 2 0 0 2 0 0 0 0 0 0 0 0 0 0 2 0 2 0 0 0 2 0 0 0 0 0 
2 2 0 0 0 0 0 0 0 0 0 0 0 0 2 0 2 0 0 0 0 0 2 2 0 0 0 0 0 0 2 2 0 0 0 2 0 
0 0 2 0 0 0 0 0 0 0 0 0 0 0 0 0 0 0 0 0 0 0 0 0 0 0 0 2 0 0 0 0 0 2 0 0 2 
0 0 0 0 0 0 0 0 0 0 0 0 0 0 0 2 0 0 2 2 0 0 2 0 0 0 0 0 0 0 0 2 0 0 0 0 0 
0 0 0 0 0 2 2 0 2 0 0 0 0 2 0 0 2 2 0 0 0 2 0 0 0 0 0 2 0 0 0 0 0 0 0 0 0 
0 0 0 2 0 0 0 0 0 2 0 0 2 0 0 0 0 0 0 0 0 0 0 0 0 2 2 0 0 0 0 0 2 0 0 2 2 
0 0 0 0 0 2 0 0 0 0 0 0 0 0 0 0 2 0 2 0 2 0 0 0 0 0 2 0 0 0 2 0 2 0 2 0 0 
0 0 0 0 0 0 0 0 0 0 2 2 0 0 0 0 0 0 0 0 0 0 0 0 0 0 0 0 2 0 0 2 0 0 0 0 0 
0 0 0 0 0 0 0 0 0 0 0 0 0 2 0 0 2 0 0 0 0 0 2 0 0 0 0 0 0 0 0 0 0 0 2 0 0 
0 0 0 2 0 0 0 0 0 0 0 1 0 0 2 0 0 0 0 0 0 0 0 0 0 0 0 0 0 0 0 0 0 0 0 0 0 
2 0 2 0 2 0 0 0 0 0 0 2 0 0 0 0 0 0 0 0 0 0 0 0 0 0 0 0 0 0 0 0 0 0 0 0 0 
0 2 0 2 0 2 0 2 0 0 2 0 0 0 2 0 0 0 0 0 0 0 0 0 0 0 0 0 0 0 2 2 2 2 2 0 0 
0 0 0 0 0 0 0 0 2 0 0 0 0 0 0 2 2 2 0 2 0 0 0 0 0 2 0 0 0 2 0 0 0 0 0 0 0 
0 2 0 0 0 2 0 0 0 0 2 2 2 0 0 2 0 0 0 0 0 0 0 0 0 0 0 0 0 0 0 0 0 0 0 0 0 
0 2 0 0 0 0 2 0 0 0 0 0 0 0 0 0 0 0 0 0 2 0 0 0 0 0 0 2 0 0 0 2 0 0 3 0 0 
0 0 2 0 0 2 0 0 0 0 0 2 0 0 0 0 0 0 2 0 0 2 0 0 0 2 2 2 0 2 0 0 0 0 0 0 0 
21 21
0 0 2 0 0 0 0 0 0 2 2 0 0 0 0 2 0 0 0 0 0 
2 0 0 0 0 0 0 0 2 0 0 0 0 0 0 2 0 0 2 0 2 
0 2 0 2 0 0 0 0 2 0 0 0 0 0 0 0 2 2 0 0 2 
0 0 2 0 0 0 0 0 0 0 0 2 0 0 0 0 0 0 2 0 0 
2 2 2 0 0 0 0 0 0 0 0 0 0 0 0 2 2 2 2 0 0 
0 0 0 0 0 0 0 0 0 2 0 0 0 0 0 0 0 0 0 0 0 
0 2 0 0 0 0 0 0 0 2 2 2 0 0 2 0 0 0 0 0 0 
0 0 0 0 0 0 0 0 0 0 0 0 0 0 0 0 0 0 0 2 0 
0 0 0 0 2 0 0 0 0 0 0 0 0 2 0 0 2 2 0 0 2 
0 0 0 0 0 2 2 0 0 0 0 0 2 0 0 0 2 0 2 0 0 
0 0 2 0 0 2 0 0 2 0 2 0 0 0 0 0 0 0 2 2 2 
0 0 0 0 0 0 0 0 2 0 0 0 0 0 0 0 0 0 0 0 0 
3 0 0 0 0 0 2 0 0 0 0 0 0 0 0 2 0 0 0 0 0 
0 2 0 0 0 2 2 0 0 0 0 0 2 2 0 2 0 0 0 0 0 
0 0 0 0 0 2 0 0 0 0 0 2 0 0 2 0 2 0 0 0 0 
1 0 0 0 2 0 0 0 0 0 0 0 0 0 0 0 0 0 2 0 0 
0 0 0 2 0 0 0 2 0 0 0 0 0 0 0 0 0 0 0 0 0 
2 0 2 0 0 0 0 0 0 0 0 0 0 2 0 0 0 0 0 2 0 
0 0 0 0 0 0 0 0 0 0 0 0 0 0 0 0 0 0 0 0 0 
0 0 0 0 0 2 0 0 2 0 0 0 0 0 0 0 0 0 2 0 0 
0 2 0 0 0 0 0 0 0 0 0 0 0 0 0 0 0 0 0 0 0 
24 32
2 2 0 0 0 0 0 2 0 0 0 2 2 0 0 2 0 0 0 0 0 0 2 2 2 0 0 0 2 0 0 0 
2 0 2 0 0 0 0 0 0 0 0 2 0 0 0 2 0 0 0 0 0 2 0 0 0 0 0 0 2 0 0 2 
0 0 0 0 0 0 0 2 0 0 2 0 2 2 0 2 1 0 0 2 0 0 0 0 2 0 2 0 0 0 0 0 
2 0 2 0 0 0 0 2 0 0 1 0 2 0 0 0 2 0 0 0 0 0 0 0 0 2 2 0 0 0 0 0 
0 2 2 0 0 0 0 0 0 2 0 0 0 0 0 0 0 0 0 0 0 0 0 2 0 0 0 2 0 0 0 2 
0 0 2 0 0 0 0 2 0 0 0 0 2 0 2 2 2 0 0 0 0 0 0 0 0 2 2 0 2 0 0 0 
2 2 2 0 0 0 0 2 2 0 0 2 0 0 2 0 0 0 2 0 2 0 0 2 2 0 0 2 2 2 0 0 
2 0 0 0 0 0 2 0 0 0 0 0 0 2 0 0 0 2 0 0 0 2 0 2 0 0 0 2 2 0 0 0 
0 2 2 0 0 2 0 0 2 2 0 0 0 0 0 0 0 0 0 0 0 0 0 0 0 0 0 2 0 0 0 0 
0 0 0 0 0 0 0 0 0 0 0 0 0 0 0 0 2 2 0 0 0 0 0 0 0 0 0 0 0 0 0 0 
0 0 0 2 2 2 2 0 2 0 2 2 0 2 0 0 0 0 0 0 0 0 0 0 0 0 0 0 0 0 1 2 
2 0 0 0 0 2 0 0 0 2 0 2 0 0 0 0 2 0 2 0 2 2 0 2 0 0 0 0 0 2 0 0 
0 0 2 0 0 0 0 0 0 0 0 2 2 2 0 0 0 2 0 3 0 2 0 0 0 0 0 0 0 0 0 2 
2 0 0 0 0 2 0 2 0 0 0 0 0 2 0 0 0 0 0 0 0 0 0 0 0 2 2 0 0 0 0 2 
0 0 0 0 0 0 0 0 0 0 0 0 2 0 2 0 0 0 2 0 0 0 0 2 0 0 0 0 2 2 0 2 
0 2 0 0 0 2 2 2 0 0 2 0 0 2 2 0 2 2 0 0 0 0 0 0 0 0 0 0 0 2 0 2 
0 0 0 0 0 0 2 0 0 0 0 0 0 0 0 0 0 0 0 0 0 0 0 1 0 0 0 0 0 0 0 2 
0 2 0 0 2 2 2 0 0 2 2 0 0 0 0 0 0 0 0 0 2 0 0 2 0 0 2 0 0 2 0 0 
2 0 0 2 0 2 0 2 2 0 2 2 0 0 0 2 2 2 2 2 0 0 0 0 0 0 0 0 2 0 0 0 
0 0 2 0 2 0 2 2 0 2 0 0 0 0 0 0 0 0 0 0 2 2 2 0 0 0 0 2 2 0 2 0 
0 2 0 0 0 0 0 0 0 0 0 0 0 0 0 0 0 2 2 0 0 0 0 0 0 2 0 2 0 2 0 0 
0 0 0 2 0 0 2 0 0 2 0 2 0 0 0 0 0 2 2 2 0 2 0 0 0 0 0 0 0 0 0 2 
0 2 2 0 2 0 0 0 0 0 0 0 0 0 2 0 0 0 0 0 0 2 0 0 0 0 0 0 0 0 0 0 
0 0 0 2 0 2 0 0 2 0 0 2 0 2 2 0 0 0 0 0 0 2 0 2 2 0 2 0 0 0 0 2 
27 33
0 0 0 2 0 0 0 0 2 0 0 0 0 0 0 0 0 0 0 0 0 0 0 2 0 0 0 0 2 0 2 0 0 
2 0 0 2 0 0 0 0 0 0 0 0 0 0 2 0 0 0 0 0 0 0 0 0 0 0 0 0 0 0 2 0 0 
0 0 0 2 2 0 0 0 0 0 0 0 0 0 0 0 0 0 0 0 2 0 2 0 0 0 2 0 0 0 0 2 0 
0 0 0 0 0 0 0 0 0 0 0 0 0 0 0 0 0 0 0 0 0 0 0 2 0 0 0 0 0 0 0 0 0 
0 0 0 0 0 0 0 2 0 0 0 0 0 0 2 0 0 0 0 0 0 0 0 0 0 0 2 0 0 0 2 0 2 
0 0 0 0 0 0 0 0 0 0 0 0 0 0 0 0 0 0 0 0 0 0 0 0 0 0 0 0 0 0 0 0 0 
0 0 0 0 0 0 0 0 0 0 0 0 0 2 2 0 0 0 0 0 0 0 0 0 0 0 0 0 1 2 0 0 2 
0 0 0 0 0 2 0 0 0 0 0 0 0 0 0 0 0 0 0 0 0 0 0 0 0 0 0 0 0 0 0 0 0 
0 2 2 0 0 0 0 0 0 0 0 0 0 0 2 0 0 0 0 2 0 0 0 0 0 0 0 0 0 0 0 0 0 
0 0 2 0 0 0 2 2 0 0 0 0 2 2 0 0 0 0 0 0 0 0 0 0 0 0 0 0 0 2 1 0 0 
0 0 0 0 0 0 0 0 0 0 0 0 0 0 0 0 0 0 0 0 2 0 0 0 0 2 0 0 2 0 0 0 0 
0 0 0 0 0 0 0 0 0 0 0 0 0 0 0 2 0 0 0 0 0 0 0 0 0 0 0 2 0 0 0 0 0 
0 0 2 0 0 0 0 0 0 0 2 0 0 0 0 2 0 0 0 0 0 0 0 0 0 2 0 2 0 0 0 0 0 
2 0 0 0 0 0 0 0 0 0 0 2 0 0 0 0 0 0 2 0 0 0 0 2 0 0 0 0 0 0 0 0 0 
0 0 0 0 0 2 0 0 2 0 0 0 0 0 0 0 2 0 2 0 0 0 0 2 0 0 0 0 0 0 0 0 2 
0 0 0 0 2 0 0 2 0 0 2 0 1 0 0 0 0 0 1 0 0 0 0 0 0 0 2 0 0 2 0 2 0 
0 0 0 0 0 0 0 0 0 2 0 0 0 0 2 0 2 0 0 0 0 0 0 2 0 0 0 0 0 0 0 0 0 
0 0 0 0 0 0 0 0 0 0 0 0 0 0 0 0 0 0 0 0 0 0 0 2 2 0 0 0 0 0 0 0 0 
0 0 0 0 0 0 0 0 0 0 0 0 0 0 0 0 0 0 0 0 0 0 0 0 2 2 2 0 0 0 0 0 2 
0 0 2 0 0 0 0 2 0 0 0 0 0 0 0 0 2 0 0 0 0 0 0 0 0 0 0 0 0 0 0 0 2 
0 0 0 0 0 0 0 0 0 0 0 2 0 0 0 0 2 0 2 0 0 0 0 0 0 0 1 0 0 0 0 0 0 
0 0 0 0 0 0 0 0 0 0 0 0 0 0 2 0 0 0 0 0 0 0 3 0 0 0 0 0 0 0 0 0 0 
0 0 0 0 0 0 0 0 0 0 0 0 2 0 0 0 0 0 0 0 0 2 0 0 0 0 0 0 0 0 0 0 0 
2 0 0 0 0 0 0 0 0 0 0 0 0 2 0 0 0 0 0 0 0 0 0 0 0 0 0 0 0 0 0 2 2 
0 0 0 0 0 0 0 0 0 0 2 0 0 0 0 0 0 0 0 0 0 0 0 0 2 0 2 0 0 0 0 0 0 
0 0 0 0 0 0 0 0 0 0 0 0 0 0 0 2 0 0 2 0 0 0 0 0 0 2 0 0 0 0 0 2 0 
0 0 0 0 0 0 2 0 0 0 0 0 0 0 0 0 0 0 0 0 0 0 0 0 0 0 0 0 0 0 0 0 0 