10
4 6 0 5 1 1
0 1 1 1 0 0
1 1 1 0 0 1
1 0 1 1 0 1
1 1 1 1 1 1
5 4 4 2 0 0
1 0 1 1
1 1 1 0
0 1 0 1
1 1 1 1
1 0 0 1
4 7 1 1 0 5
1 1 0 1 0 0 1
1 0 0 1 1 0 1
0 1 1 1 0 1 1
0 1 1 1 1 1 1
10 10 3 6 3 5
1 0 1 0 1 0 1 0 1 0 
0 1 1 0 1 0 0 0 0 1 
0 0 0 0 1 0 1 0 0 0 
0 0 0 0 0 1 0 0 1 1 
0 1 1 0 1 0 0 0 1 1 
1 1 0 1 1 0 0 0 1 0 
1 0 1 1 0 1 1 1 0 1 
0 0 0 0 1 1 1 1 0 1 
1 0 0 1 1 0 1 0 0 0 
1 1 1 0 0 1 1 0 1 0 
10 10 6 8 1 5
0 1 0 1 0 0 1 0 0 1 
1 0 1 1 1 0 1 0 0 1 
0 0 0 1 1 1 0 1 1 0 
0 0 1 1 1 1 0 0 0 0 
1 1 0 1 0 1 0 0 0 0 
1 1 0 1 0 1 1 1 0 1 
1 0 1 0 0 1 1 1 1 0 
0 1 1 0 0 1 0 0 0 1 
1 1 1 0 0 1 0 0 0 1 
1 0 0 0 0 0 1 1 0 1 
20 20 15 17 0 9
0 0 1 1 1 1 0 0 0 1 1 0 1 0 1 0 0 0 1 0 
1 1 0 0 0 1 0 1 0 1 1 1 1 1 0 1 0 1 1 0 
1 0 1 1 0 0 1 0 0 0 0 0 1 1 1 1 0 1 1 1 
1 1 0 1 0 1 0 0 0 0 1 0 0 1 0 1 0 1 0 1 
0 0 0 1 0 0 1 0 1 1 0 0 1 0 0 0 1 0 0 0 
1 0 0 1 0 0 1 1 0 0 0 0 0 1 0 1 0 1 0 0 
1 0 1 1 0 0 1 0 0 0 1 1 1 0 1 1 0 1 1 0 
0 1 0 1 1 0 0 1 0 0 1 1 1 1 1 1 1 0 0 0 
0 0 1 0 0 1 1 0 1 0 0 1 0 1 1 0 0 0 1 0 
1 0 1 1 1 1 0 1 0 1 1 1 0 1 1 0 1 1 0 0 
1 1 1 1 1 1 0 1 0 1 0 1 1 0 1 0 1 1 0 1 
0 0 0 1 1 0 0 0 0 1 1 0 0 1 1 0 1 1 0 1 
0 1 0 0 0 0 1 0 1 1 0 1 0 0 0 0 0 1 1 1 
1 0 0 1 1 0 1 1 1 1 0 1 1 0 0 1 1 0 1 0 
0 1 0 0 0 1 0 0 1 0 0 1 0 0 1 1 1 0 0 1 
1 0 1 0 1 0 0 0 0 0 1 0 1 0 1 0 1 0 1 0 
0 1 1 1 1 1 1 0 0 0 0 1 0 0 0 1 0 1 0 1 
0 0 1 0 0 0 1 0 1 1 1 1 1 0 1 1 1 0 0 0 
1 0 1 1 0 0 0 1 0 0 1 0 1 0 0 0 0 1 1 1 
1 0 1 1 0 1 1 0 1 1 1 0 0 1 0 0 1 1 1 0 
20 20 10 9 13 5
0 0 0 1 1 1 1 1 0 1 1 0 1 0 1 1 0 0 0 0 
1 1 1 1 0 0 0 1 1 1 1 0 1 0 1 1 1 0 1 0 
1 1 1 1 0 1 0 0 1 1 1 1 0 1 1 1 1 0 0 0 
0 1 1 1 0 0 1 1 1 0 1 0 1 0 0 0 1 0 0 0 
0 1 1 1 1 1 1 1 1 1 0 1 0 0 1 0 1 0 0 0 
1 1 1 0 0 1 0 0 0 0 0 0 0 1 1 1 0 0 0 1 
1 0 0 1 0 1 1 0 1 0 1 1 1 0 0 1 1 0 1 0 
0 0 1 1 1 1 1 0 1 0 0 0 1 1 1 0 0 1 1 1 
1 1 0 0 0 1 0 1 1 0 1 1 1 0 1 0 1 1 1 1 
1 0 0 0 1 1 1 1 0 1 0 0 1 0 0 0 0 0 0 0 
1 1 1 0 0 1 1 0 0 0 1 0 0 0 0 0 1 0 1 0 
0 1 1 1 1 1 0 0 1 0 1 1 0 1 0 1 0 1 0 1 
1 1 1 1 0 1 0 0 0 0 1 0 0 0 0 0 0 0 0 1 
0 1 1 1 0 1 1 1 1 0 1 0 0 0 1 0 1 1 0 1 
1 1 0 1 1 0 0 0 1 1 1 0 1 0 1 1 0 0 0 0 
1 0 1 0 0 0 1 0 0 1 1 1 0 1 0 1 0 0 1 1 
0 1 0 1 0 0 0 0 0 1 0 0 1 0 0 0 0 0 1 0 
0 0 0 1 1 1 1 1 0 0 0 1 0 1 1 0 1 0 0 0 
1 0 1 1 1 1 1 1 1 1 1 0 0 0 1 0 1 0 1 1 
0 0 1 0 1 1 1 1 1 0 0 1 1 0 0 0 1 1 0 0 
20 20 10 9 13 13
1 0 0 0 0 0 1 0 0 0 0 0 1 1 1 0 1 1 1 0 
0 1 0 0 1 0 0 0 0 1 1 1 0 0 1 0 0 1 0 0 
0 0 1 1 1 0 0 1 1 0 1 1 0 0 1 1 0 1 1 1 
1 0 0 0 0 0 0 0 1 1 0 0 1 0 1 1 0 0 1 0 
0 1 1 1 0 0 1 0 1 0 0 0 0 0 1 1 1 1 0 0 
0 1 0 1 1 1 1 1 0 1 0 1 1 1 0 1 0 1 0 0 
1 0 0 1 1 1 1 0 0 0 1 1 1 0 1 0 1 1 0 0 
0 1 1 0 0 0 1 1 1 1 0 0 0 1 1 1 0 0 1 1 
0 1 1 1 1 1 1 0 1 1 0 0 1 0 0 0 1 0 1 1 
0 0 0 1 1 1 1 0 0 0 1 0 0 1 1 0 1 0 0 1 
1 1 0 1 1 0 1 1 1 0 1 0 1 1 1 0 0 0 0 0 
1 1 1 1 0 0 0 1 1 0 0 1 1 1 1 1 0 0 1 1 
1 1 1 0 0 1 0 1 1 0 1 1 1 0 1 1 0 0 0 1 
0 1 1 1 0 0 1 0 0 0 1 1 1 0 1 0 0 1 0 1 
0 0 1 1 0 0 1 1 0 0 0 0 0 1 0 1 1 0 0 1 
0 1 0 0 1 1 1 0 0 0 1 1 1 0 1 1 0 0 1 0 
1 1 1 0 1 1 0 1 0 0 1 0 1 1 1 1 1 1 1 0 
1 0 1 0 0 1 0 1 1 0 0 1 0 1 1 1 0 0 0 1 
0 0 1 1 1 0 1 0 0 0 0 1 0 1 1 0 0 0 0 0 
1 1 1 0 1 1 0 0 0 0 1 1 1 0 1 1 1 0 0 1 
20 20 15 11 0 7
0 1 1 0 0 1 0 1 0 1 1 1 0 0 1 1 0 1 0 0 
0 0 0 0 1 1 1 1 0 0 0 0 1 1 0 1 1 1 1 1 
0 1 1 0 1 0 1 1 0 1 0 1 0 0 1 1 0 1 0 0 
1 1 1 1 0 0 1 0 0 0 1 0 0 0 1 1 0 1 1 1 
1 0 1 0 0 1 0 1 0 1 0 1 1 1 0 0 0 0 0 1 
1 0 1 0 1 1 1 1 0 0 0 0 0 1 0 0 0 1 1 0 
0 0 1 1 1 1 1 0 1 0 1 0 1 0 0 1 1 0 1 1 
1 1 0 1 1 1 1 1 1 0 0 1 0 1 1 1 0 0 0 0 
0 0 1 0 1 0 1 0 1 1 1 1 0 0 0 1 0 0 0 0 
0 0 1 0 0 1 0 1 1 0 1 0 1 0 1 1 0 1 1 1 
1 0 1 1 1 1 1 0 1 1 0 0 0 0 1 0 0 0 0 0 
1 1 1 0 0 0 0 0 0 0 0 0 0 0 1 1 1 1 1 0 
0 1 0 0 1 0 0 0 0 1 1 1 1 1 1 0 0 0 1 0 
0 0 0 1 0 0 0 0 1 1 1 0 0 1 0 0 1 0 0 0 
0 1 1 1 0 0 0 1 1 0 0 1 0 1 0 0 1 0 1 1 
0 0 0 1 0 0 0 0 0 1 1 1 0 1 1 1 0 1 0 1 
0 0 1 1 1 1 0 1 1 1 1 0 0 0 1 1 1 0 1 0 
1 0 1 1 0 0 0 1 0 0 0 1 0 1 1 0 1 0 0 1 
0 0 1 0 1 1 0 0 0 0 0 0 1 0 1 1 1 1 0 1 
0 0 0 0 0 0 1 0 1 0 0 1 0 1 1 1 1 1 0 0 
50 60 36 39 49 0
0 0 0 0 1 0 0 1 0 1 0 0 1 1 1 1 0 0 0 0 0 1 0 1 0 0 0 1 1 0 0 0 1 0 0 1 1 1 1 0 1 1 1 1 1 0 0 0 1 1 1 1 1 1 1 1 1 0 0 0 
1 0 0 0 1 1 0 1 0 0 0 0 1 1 1 1 0 1 1 1 1 0 1 1 1 0 1 1 1 0 0 1 0 1 0 1 0 1 1 0 1 0 0 0 1 1 1 0 0 0 1 1 1 1 0 1 1 1 0 1 
1 0 1 1 0 1 0 0 0 0 1 0 1 0 1 1 0 1 1 1 1 1 1 0 0 1 1 0 0 1 0 1 0 1 1 0 0 1 1 0 0 1 0 0 0 0 0 1 0 1 1 0 0 1 0 1 1 1 1 1 
0 0 1 1 0 0 1 0 1 1 1 1 0 0 1 0 1 1 1 0 1 1 1 0 0 0 0 0 0 0 0 0 1 1 0 0 1 1 1 0 0 0 0 1 1 0 1 0 0 1 1 1 0 0 1 0 0 0 1 0 
0 0 1 1 0 0 0 1 1 1 0 0 1 1 1 1 0 0 1 1 0 0 0 1 1 0 0 1 1 0 0 1 1 0 1 1 1 0 0 0 1 0 1 0 0 0 1 0 0 0 0 1 1 1 1 1 0 1 0 0 
0 1 0 0 0 0 1 1 0 0 0 1 0 1 1 1 1 1 0 0 1 1 1 1 1 1 1 0 0 1 1 0 1 0 1 0 0 0 1 1 1 0 0 1 1 1 1 0 0 0 1 0 1 0 1 1 1 1 1 0 
0 1 1 1 0 1 1 1 1 1 1 1 0 0 0 0 0 1 0 1 1 1 1 0 1 0 0 0 1 1 0 1 1 1 0 1 1 1 1 0 1 0 1 0 0 0 0 0 0 1 0 0 1 1 0 1 0 0 0 0 
0 0 1 1 0 1 1 1 0 0 0 0 0 1 1 0 0 0 1 1 1 0 0 0 0 1 1 0 0 1 0 1 1 0 0 0 0 0 0 0 1 1 1 0 1 0 1 1 1 1 0 0 0 0 0 0 1 0 1 1 
1 1 0 1 0 1 0 1 1 1 0 1 0 1 1 0 1 1 0 1 0 0 0 1 1 1 1 1 0 0 0 1 1 1 0 0 0 1 0 1 0 1 0 1 1 0 1 0 1 1 0 1 0 1 0 0 0 1 0 0 
1 1 1 1 1 1 0 0 1 1 1 0 1 0 1 1 1 0 0 0 0 1 1 1 1 0 0 1 1 1 0 1 0 1 0 1 1 1 1 0 0 0 0 1 1 0 1 0 1 0 1 0 0 0 1 1 1 0 1 1 
0 1 0 0 0 1 0 0 0 0 1 1 0 0 0 1 0 1 0 1 1 0 0 1 0 1 1 1 0 0 0 0 1 1 1 1 1 0 1 0 1 1 0 1 0 1 0 1 0 0 1 1 0 0 0 1 1 0 1 1 
1 1 0 0 1 1 1 1 1 0 0 1 1 0 1 1 1 0 1 1 0 1 1 0 0 1 0 1 1 0 1 1 0 0 0 0 0 1 1 1 0 1 1 1 0 0 1 0 0 0 1 1 0 1 1 0 0 0 1 1 
1 0 0 1 0 0 1 0 0 0 0 1 1 0 1 0 0 0 0 0 1 1 1 0 1 1 0 1 0 0 0 1 0 1 1 0 1 1 0 1 1 0 1 1 1 0 1 1 0 1 0 1 1 0 0 1 0 1 0 0 
0 1 1 1 1 0 0 1 1 0 1 0 0 1 0 1 1 0 0 0 1 1 1 1 1 1 1 1 1 0 0 1 0 1 1 0 1 1 1 0 1 0 1 1 1 0 1 1 1 1 0 1 0 0 0 0 0 1 1 1 
1 0 0 1 1 0 1 0 1 1 1 1 1 1 1 1 1 1 0 0 1 0 1 1 1 0 1 0 0 1 0 0 1 0 0 0 1 1 1 1 0 0 0 0 0 1 0 0 0 1 1 1 1 0 0 1 1 1 0 0 
1 0 1 0 1 0 1 0 1 0 1 0 0 1 0 0 1 0 1 0 1 1 1 0 1 0 1 1 0 0 1 1 0 0 0 1 1 0 0 0 1 0 1 0 1 0 0 0 1 1 0 0 0 0 0 1 1 0 1 1 
0 0 1 1 0 1 0 0 1 1 0 1 1 1 1 0 1 1 0 0 1 1 1 0 0 1 0 1 1 0 0 0 0 0 0 0 1 1 0 0 1 0 0 0 1 1 0 1 1 1 0 1 0 1 1 1 1 1 0 1 
1 0 0 1 1 1 0 1 1 0 0 0 0 0 0 0 0 1 1 1 0 0 0 1 1 1 1 0 1 0 1 0 1 1 0 1 0 0 1 0 0 1 1 1 1 0 0 1 1 1 0 1 0 1 0 0 0 0 0 1 
0 0 1 1 0 1 0 1 0 0 1 0 1 1 1 1 0 1 1 1 0 0 0 0 1 0 0 0 1 1 0 1 0 1 0 1 1 0 0 0 0 1 1 1 0 1 1 0 0 0 1 0 1 0 0 1 0 1 1 1 
1 0 0 1 1 0 0 0 0 1 1 1 0 1 1 1 1 1 0 1 1 1 1 1 1 0 1 0 0 0 0 1 0 0 0 1 1 0 1 1 1 0 0 0 1 1 0 1 0 0 0 1 0 1 0 0 1 0 0 1 
1 1 0 0 0 1 0 0 0 1 1 0 0 0 1 1 0 1 0 1 1 1 0 1 1 1 1 1 0 1 1 0 1 1 0 0 1 1 1 1 1 1 0 0 1 0 1 1 0 1 0 0 1 1 1 1 0 0 1 1 
1 1 0 1 1 1 1 1 0 0 1 0 1 1 1 0 0 0 0 1 0 0 1 0 1 1 1 0 1 0 1 0 1 1 1 1 0 0 1 0 1 0 1 1 1 0 1 0 0 1 0 0 0 1 1 1 1 1 0 1 
1 0 1 1 1 1 1 1 1 1 0 1 1 0 1 0 0 0 0 0 0 1 1 0 1 0 0 1 1 1 1 0 0 1 0 0 0 0 0 1 0 0 1 1 1 1 0 1 1 1 0 0 1 0 0 0 1 1 0 0 
0 0 1 0 0 1 1 0 1 1 1 0 0 1 1 1 0 0 1 0 0 1 0 0 1 1 1 1 1 1 0 0 0 1 0 0 0 1 1 1 1 0 1 0 0 0 0 0 1 1 0 1 1 0 1 0 1 0 1 0 
0 1 0 1 1 1 0 0 0 1 0 1 1 1 0 1 1 0 0 0 1 0 1 0 0 1 1 1 0 1 0 1 0 1 1 0 1 0 0 1 0 1 1 1 1 1 1 0 1 0 1 1 0 0 0 1 0 0 0 1 
1 0 0 1 1 1 1 0 0 1 0 1 1 1 0 1 1 0 0 0 1 1 0 0 1 1 0 1 1 1 0 1 0 0 1 1 1 0 1 0 1 0 0 0 0 0 0 0 0 1 1 0 1 0 0 1 0 0 1 1 
1 1 0 1 0 1 1 0 0 0 0 1 0 0 0 1 0 1 1 1 0 1 1 0 0 1 1 1 0 1 1 0 1 1 1 0 1 1 0 1 0 0 0 1 0 1 1 0 0 1 1 0 0 1 1 1 1 1 1 1 
1 0 1 0 1 1 1 0 1 0 0 0 0 0 1 0 1 0 0 1 0 0 1 1 0 1 0 0 1 0 0 0 0 0 0 1 1 0 1 0 1 0 1 0 0 1 1 0 1 0 0 0 1 1 1 0 0 1 1 0 
0 0 1 1 1 1 0 0 0 0 0 0 0 0 1 0 0 1 1 0 1 1 1 0 1 1 0 1 1 0 1 1 1 1 0 1 0 1 0 0 1 1 0 0 1 1 1 1 0 1 1 1 0 1 1 0 0 1 1 1 
0 1 0 0 0 0 0 1 0 0 1 1 0 0 1 1 0 1 1 1 1 1 0 1 0 0 0 1 0 1 1 0 0 0 0 1 0 0 1 0 0 1 0 1 1 1 0 1 1 1 1 1 1 1 1 1 1 0 1 0 
1 0 1 1 0 1 1 1 0 0 0 0 0 0 1 1 0 1 1 0 0 1 0 1 0 1 0 0 1 0 1 0 0 0 1 0 0 0 0 1 1 1 0 0 1 0 0 1 0 1 1 0 0 1 1 1 1 0 0 0 
1 1 0 1 0 1 0 0 0 1 0 0 0 0 0 1 1 1 0 0 0 1 0 1 0 0 1 1 0 1 0 1 1 1 0 0 1 1 0 0 0 1 0 1 0 0 1 1 1 0 1 1 0 1 1 0 1 0 0 0 
1 1 1 0 0 0 0 1 0 0 0 0 0 1 1 1 1 0 1 0 1 1 0 0 1 1 0 0 0 1 1 0 0 1 0 1 1 0 0 0 1 1 0 1 1 0 0 0 0 1 1 1 1 0 0 0 1 0 1 0 
0 0 0 0 1 1 0 1 0 0 1 1 1 1 1 1 0 1 1 0 1 1 1 1 0 0 1 0 0 0 1 0 1 1 1 1 0 1 1 1 0 0 1 0 0 1 1 1 1 0 1 0 0 0 1 1 1 0 0 1 
1 0 0 0 1 0 0 1 0 0 0 0 0 0 1 1 1 0 0 0 0 1 0 0 0 1 1 1 1 0 0 0 0 0 1 0 0 0 0 0 0 1 1 0 1 1 1 1 1 0 1 0 1 1 0 1 0 1 0 1 
1 1 0 0 1 0 0 1 1 0 0 1 0 1 1 0 1 0 1 0 1 0 0 0 1 1 1 1 0 1 1 0 0 1 1 1 0 1 0 1 0 1 0 1 1 0 1 0 0 1 1 0 1 1 1 0 0 1 0 0 
1 0 0 0 1 1 1 0 1 1 0 0 1 1 0 0 1 1 0 1 0 1 1 0 1 0 1 0 1 0 1 0 1 1 0 0 1 0 1 0 0 1 1 1 0 0 0 0 1 1 1 0 0 0 1 0 1 1 0 1 
1 1 0 1 0 1 1 1 1 0 0 0 1 1 0 0 1 0 0 0 1 0 1 1 1 1 0 1 0 1 0 0 0 1 0 0 0 0 0 1 0 1 1 1 0 1 1 1 0 1 1 0 1 1 1 1 1 1 0 0 
1 0 1 0 0 0 0 0 0 0 0 0 0 1 1 1 1 0 1 1 0 0 0 1 1 0 1 1 1 1 1 0 1 0 1 0 0 0 0 0 0 1 0 0 0 1 0 1 0 0 0 1 1 0 0 1 1 0 0 1 
1 0 0 0 1 0 0 0 0 0 1 1 1 1 1 0 1 0 1 1 1 1 1 1 1 0 0 0 1 0 1 1 0 0 0 0 1 1 0 0 1 0 1 0 1 0 1 0 1 0 1 0 1 1 1 0 1 0 0 1 
1 0 0 1 0 0 0 1 0 0 0 0 0 0 1 1 0 1 0 0 0 1 1 0 0 0 0 0 1 1 1 0 1 0 0 1 0 1 0 0 0 0 0 1 0 1 1 0 0 0 0 1 1 0 0 0 1 0 1 0 
1 1 1 0 0 0 0 0 0 1 0 1 1 1 1 0 0 1 1 1 0 0 1 1 0 0 0 1 1 0 0 0 1 0 1 1 1 0 1 0 1 1 0 1 0 1 1 0 0 1 0 0 1 1 1 1 0 0 1 1 
1 1 1 1 1 1 0 0 1 0 0 0 1 1 0 0 0 1 1 0 1 0 1 1 1 0 1 1 0 0 0 0 0 1 0 0 1 0 1 0 1 1 0 1 0 0 1 1 1 1 1 1 0 1 1 0 0 0 0 0 
0 1 0 1 1 1 0 0 1 0 0 1 0 1 1 0 0 0 0 0 0 1 1 0 0 0 0 1 0 1 1 1 1 0 0 1 0 0 1 1 1 0 0 0 0 0 1 1 0 1 1 0 0 0 1 1 0 0 1 1 
0 1 1 0 1 1 0 1 0 0 1 1 0 0 1 0 0 1 0 0 0 0 0 0 0 0 1 0 0 0 0 0 1 1 1 1 0 1 0 0 1 1 1 1 0 1 1 1 0 1 1 0 0 0 0 0 1 1 0 0 
0 0 1 1 0 0 1 0 0 0 0 1 0 0 0 1 0 0 1 1 0 0 0 0 0 0 1 0 0 0 0 1 0 0 1 1 0 1 1 1 1 1 0 0 1 1 1 0 1 0 0 1 0 1 0 0 1 0 1 0 
1 1 0 0 0 0 0 1 0 1 0 1 1 0 1 1 0 1 1 0 0 1 1 0 0 1 0 1 0 0 1 1 0 0 0 0 0 0 1 1 0 1 0 1 1 1 1 1 0 0 1 0 0 1 1 0 0 1 0 0 
0 0 1 0 1 1 0 0 1 0 1 1 0 1 1 1 1 1 0 0 1 0 0 1 1 0 1 1 1 0 0 0 1 1 1 1 0 1 0 1 1 1 1 0 0 1 0 0 1 0 1 0 0 0 0 0 0 0 1 1 
1 0 1 1 0 1 1 1 1 1 1 0 1 0 0 0 0 0 0 1 0 1 1 0 1 0 1 0 1 0 0 1 1 0 0 1 0 0 1 1 1 0 0 1 0 0 1 1 0 1 0 1 1 0 0 1 1 0 1 0 
0 1 0 0 0 0 0 0 1 0 0 0 0 0 0 1 0 0 0 1 0 0 0 1 1 0 0 0 0 1 1 1 1 1 1 1 0 0 0 0 0 0 0 0 1 0 1 1 1 0 1 0 1 1 0 0 1 0 1 1 