5 5
3 4 3 0 0
3 5 5 4 3
2 5 4 4 3
1 3 2 2 0
1 2 1 0 0
5 5
5 5 5 5 7
4 1 1 1 4
4 1 2 1 3
7 1 0 0 4
7 3 4 4 4
4 4
5 5 5 7
4 2 1 4
4 1 0 3
7 3 4 4
5 5
3 4 3 0 0
3 5 5 4 3
3 1 1 4 3
1 3 3 7 0
1 2 1 0 0
5 5
0 10 10 0 10
0 20 10 30 10
0 10 10 0 10
0 10 0 10 10
0 10 10 0 10
5 6
10 10 10 10 10 10
10 5 5 5 5 10
7 5 10 10 5 10
10 5 5 5 5 10
10 10 10 10 10 10
5 6
10 10 10 10 10 10
10 5 5 5 5 10
10 5 10 10 5 10
10 5 5 5 5 10
10 10 10 10 10 10
20 20
0 0 10 10 10 10 10 10 0 0 0 0 0 10 10 0 0 0 0 0
0 10 0 0 0 0 0 10 10 0 0 0 0 10 10 0 0 0 0 0
0 10 0 20 20 20 20 0 10 0 0 0 0 10 10 0 0 0 0 0
0 10 10 20 0 0 20 0 10 0 0 0 0 10 10 0 0 0 0 0
0 10 0 10 20 30 30 20 10 10 0 0 0 10 10 0 0 0 0 0
0 10 0 10 20 30 30 20 20 10 0 0 0 10 10 0 0 0 0 0
0 10 0 10 20 30 30 20 10 10 0 0 0 10 10 0 0 0 0 0
0 10 0 10 20 8 30 20 20 10 0 0 0 10 10 0 0 0 0 0
0 10 0 10 20 30 30 20 10 10 30 30 30 10 10 0 0 0 0 0
0 10 0 10 20 30 30 20 20 10 0 0 0 10 10 0 0 0 0 0
0 10 0 10 20 30 30 20 10 10 0 0 0 10 10 0 0 0 0 0
0 10 0 10 20 30 30 20 20 10 0 0 0 10 10 0 0 0 0 0
0 10 0 10 20 30 30 20 10 10 0 0 0 10 10 0 0 0 0 0
0 10 0 10 20 30 30 20 10 10 0 0 0 10 10 0 0 0 0 0
0 10 0 10 20 30 30 20 10 10 0 0 0 10 10 0 0 0 0 0
0 10 0 10 20 30 30 20 20 10 0 0 0 10 10 0 0 0 0 0
0 10 0 10 20 30 30 20 20 10 0 0 0 10 10 0 0 0 0 0
0 10 0 10 20 30 30 20 20 10 0 0 0 10 10 0 0 0 0 0
0 0 10 10 10 10 10 10 0 0 0 0 0 10 10 0 0 0 0 0
0 0 10 10 10 10 10 10 0 0 0 0 0 10 10 0 0 0 0 0
8 10
0 10 10 10 10 0 0 10 10 0
0 10 0 0 10 0 0 10 10 0
0 10 0 20 10 0 0 10 10 0
0 10 0 30 10 30 30 10 10 0
0 10 0 30 10 30 30 10 10 0
0 10 0 20 10 0 0 10 10 0
0 10 0 0 10 0 0 10 10 0
0 10 10 10 10 0 0 10 10 0
100 100
416 630 349 486 748 930 511 534 412 29 148 880 385 84 641 962 85 860 148 209 123 636 99 59 553 841 51 60 696 908 768 782 736 299 729 843 255 275 775 414 3 153 568 319 357 36 454 518 498 285 687 146 882 13 687 721 201 686 447 662 804 370 536 325 835 60 338 597 27 602 233 146 173 612 852 248 454 222 731 324 849 860 67 588 74 304 504 834 675 110 599 890 745 950 699 270 19 735 854 503
273 707 65 215 346 531 59 147 740 185 826 858 926 440 221 633 13 450 236 806 890 145 402 524 515 353 233 237 743 523 878 663 547 682 728 123 139 426 224 492 750 416 923 157 186 725 997 628 199 256 405 120 911 260 675 611 547 232 547 170 529 872 422 679 409 673 901 730 284 817 342 759 484 751 779 719 80 404 44 367 933 46 129 908 600 738 450 569 794 255 746 619 247 377 142 530 681 295 846 790
276 814 53 635 329 510 676 104 232 376 42 131 569 434 805 130 342 634 413 158 757 4 634 377 832 994 976 643 672 443 431 912 506 559 244 166 681 61 806 24 252 919 864 94 404 279 947 341 640 281 534 817 750 831 640 493 836 231 989 64 242 255 119 524 729 964 484 201 336 609 262 139 643 64 500 64 374 695 221 84 983 319 628 631 797 912 668 775 788 298 632 763 334 495 307 430 128 355 322 360
382 326 561 476 597 87 447 17 794 886 640 135 360 155 280 515 421 83 625 832 727 931 282 469 302 258 370 753 238 391 124 590 679 472 106 878 493 800 727 751 576 356 841 295 486 6 241 483 238 553 822 481 112 461 620 467 729 344 816 601 468 546 345 807 396 272 341 528 310 123 517 540 409 829 739 277 698 970 126 527 411 779 681 152 304 873 787 47 347 55 994 761 155 163 714 126 169 331 330 649
518 548 291 35 790 177 425 467 425 67 664 775 19 818 872 693 596 621 762 469 835 871 537 303 672 457 821 858 44 498 837 274 28 443 874 590 377 490 806 870 44 532 190 87 60 62 327 949 185 616 723 906 939 247 894 571 453 262 953 676 734 711 220 400 693 643 150 196 200 949 44 912 3 927 641 267 655 369 541 176 473 177 583 870 413 18 341 679 460 160 527 109 376 115 323 121 61 163 418 936
881 984 427 940 604 813 678 548 584 657 587 711 971 719 775 62 954 162 708 441 631 797 421 30 485 399 669 509 351 972 329 334 430 580 432 917 843 891 828 61 988 239 365 298 308 67 490 417 658 115 849 679 157 1000 981 468 661 52 654 635 933 775 567 368 549 682 871 934 120 531 774 635 780 352 378 540 469 161 457 602 573 595 517 250 988 268 494 895 634 834 363 218 331 786 584 709 110 232 406 949
634 917 813 450 338 182 590 347 213 130 431 954 128 95 955 977 781 496 102 911 628 469 882 361 700 983 254 127 13 592 673 55 383 419 426 367 938 178 216 212 713 773 797 1 43 747 268 535 50 784 134 418 784 81 502 704 994 987 119 428 372 134 25 507 340 916 135 784 421 563 196 798 779 388 397 94 751 817 25 154 735 676 86 618 429 243 881 351 517 452 381 910 910 779 6 154 255 273 380 269
937 119 484 556 596 333 618 752 471 868 549 513 774 2 373 54 930 588 926 185 425 626 900 294 128 798 571 424 546 494 622 130 68 634 548 415 321 562 453 284 404 302 65 921 859 358 189 528 898 517 29 298 441 70 128 400 910 110 454 82 660 497 619 458 218 290 79 379 485 326 956 78 782 723 760 893 387 830 484 552 701 853 836 908 992 722 192 128 194 877 745 319 543 16 229 615 851 466 532 890
235 318 936 161 915 434 327 390 632 495 58 978 444 121 157 163 162 316 474 751 766 864 127 831 332 842 424 662 228 334 673 543 778 2 388 296 831 901 147 122 661 36 509 941 589 325 799 265 308 732 501 488 123 947 351 92 758 303 389 79 812 27 495 612 662 410 121 822 428 485 428 728 770 211 161 588 902 120 201 850 339 647 807 320 389 133 384 978 919 84 176 937 902 456 560 404 547 670 318 140
200 380 969 343 300 855 360 77 585 597 480 363 241 534 807 418 732 308 174 65 653 123 630 761 837 129 702 335 876 584 543 584 659 419 153 310 326 536 797 720 58 147 278 806 335 272 118 255 431 82 201 561 372 363 749 670 965 297 23 359 972 256 316 293 560 638 222 263 436 949 553 184 280 627 503 792 637 777 782 747 28 193 697 270 755 722 967 895 59 188 881 104 772 636 390 104 695 986 658 561
817 333 296 138 888 236 977 121 367 584 39 831 120 935 133 504 136 451 108 536 884 296 83 661 258 124 304 301 641 721 742 165 46 233 87 330 392 221 67 416 301 745 543 434 363 350 336 272 866 510 740 453 91 308 449 848 305 264 508 113 119 882 155 79 255 388 728 337 552 200 286 689 860 795 788 468 812 288 44 16 412 92 211 684 410 889 792 837 610 605 538 949 63 68 268 995 310 844 281 286
54 102 234 154 856 140 79 784 432 88 359 96 229 510 216 372 777 28 340 708 811 953 275 239 457 662 405 607 24 871 216 641 960 748 847 826 292 27 420 110 470 166 24 674 803 149 894 703 59 547 964 238 530 450 326 133 88 251 738 189 801 648 69 999 282 801 604 915 481 51 445 574 393 301 616 661 658 832 364 441 424 302 298 806 996 448 229 959 905 326 705 130 536 625 222 334 537 238 449 509
151 624 415 535 159 781 864 131 595 793 638 718 450 361 880 685 604 975 749 797 699 898 805 276 166 517 477 798 392 306 329 673 35 400 165 854 112 736 988 292 714 230 225 550 240 557 390 382 273 373 104 46 64 529 975 781 734 486 37 899 168 617 771 802 897 312 918 149 252 756 472 310 58 205 49 834 186 844 498 838 856 830 882 799 29 398 470 220 431 290 345 928 387 261 577 892 474 798 639 579
669 430 341 947 848 119 444 526 846 571 628 802 328 921 502 229 175 427 696 142 453 888 625 41 196 582 171 310 886 360 162 496 573 279 267 26 733 20 801 848 787 83 579 32 725 964 30 298 94 975 441 61 839 754 697 170 232 687 554 522 172 775 532 801 428 657 419 442 188 382 266 909 608 995 769 370 625 320 95 158 455 382 646 985 60 695 54 743 9 257 885 102 115 520 259 768 204 297 490 812
411 39 463 49 148 326 909 146 737 461 533 207 162 397 764 566 635 798 885 275 180 887 878 227 954 185 685 781 852 793 674 345 879 73 800 318 283 910 268 457 327 321 679 426 941 311 671 281 165 950 39 935 858 342 608 594 72 167 29 149 123 783 427 202 307 342 119 664 86 660 925 987 434 335 584 434 399 953 672 873 579 323 126 619 175 278 61 540 12 539 952 767 306 911 666 928 445 442 816 421
885 992 898 341 619 936 101 938 127 450 706 920 806 669 221 422 601 758 580 260 436 654 329 401 183 87 271 205 685 795 19 594 417 99 26 363 162 602 585 982 902 647 442 476 329 989 390 471 917 383 327 590 806 67 856 898 47 141 89 403 401 935 521 937 11 462 631 432 550 273 102 748 123 661 446 196 820 852 31 258 997 190 45 57 985 469 869 669 437 947 192 789 874 381 681 957 735 34 389 530
426 331 250 74 873 29 117 736 993 117 999 565 826 629 663 392 490 498 259 424 103 346 40 586 896 813 197 925 782 734 74 196 998 575 948 259 833 957 768 91 641 138 264 584 300 579 207 99 431 667 645 534 51 148 540 269 65 394 849 38 317 819 315 770 110 724 58 668 623 400 806 531 310 38 29 588 92 736 922 800 554 24 119 437 477 210 156 202 826 378 568 440 574 412 303 556 607 587 74 215
853 871 305 840 203 879 260 96 363 66 244 907 954 593 231 770 936 991 650 399 872 322 626 85 226 138 960 506 487 194 533 76 372 707 437 106 337 642 994 717 990 258 270 746 845 315 318 615 683 795 313 718 105 665 433 448 276 652 206 63 366 302 960 131 346 818 408 800 487 328 877 263 578 652 889 726 172 951 318 91 383 362 144 179 404 287 257 369 718 125 636 125 111 15 547 856 262 206 937 166
906 747 525 85 950 880 432 448 27 921 950 738 90 878 724 992 573 345 427 74 373 77 871 890 240 979 395 800 849 868 543 152 603 456 694 737 712 213 951 455 123 420 14 292 656 354 739 852 111 126 803 450 212 303 900 330 872 334 506 491 894 745 647 432 116 320 299 440 84 364 216 648 507 340 602 79 355 723 179 312 284 976 41 635 633 733 476 536 205 633 634 531 504 968 528 36 615 164 529 747
196 593 176 127 587 16 340 177 672 662 912 159 97 276 147 492 588 377 276 463 797 351 625 851 444 215 489 341 519 810 552 148 944 214 886 680 970 534 89 722 792 871 30 860 922 52 954 835 55 762 283 230 209 543 881 829 170 964 526 491 110 161 273 759 951 937 568 280 386 426 937 611 156 330 593 615 389 42 996 572 920 322 426 574 284 592 796 408 752 801 839 621 993 140 191 879 574 858 807 907
91 32 671 962 747 651 134 595 918 269 437 12 781 149 795 151 130 366 644 363 545 668 725 915 60 549 733 413 144 875 186 757 557 950 717 677 840 994 752 898 460 372 679 634 979 958 29 409 866 94 643 252 137 341 100 350 347 716 337 945 316 751 779 15 815 386 8 83 296 331 250 906 637 426 223 412 65 537 384 675 532 983 127 457 361 601 582 45 658 734 552 622 344 315 841 452 479 843 912 961
383 285 701 947 908 728 951 984 881 873 402 676 872 714 29 441 654 122 165 212 749 794 546 902 78 723 735 203 808 11 995 83 655 674 775 189 560 638 971 255 663 223 775 924 412 103 11 367 129 828 786 673 587 955 137 318 710 898 21 327 261 642 268 549 261 102 560 187 729 104 360 395 452 221 884 377 731 372 352 292 794 995 195 675 521 557 20 835 253 565 514 907 4 563 579 930 864 684 19 568
897 933 9 599 691 800 841 663 39 458 519 385 854 651 853 548 814 236 296 551 569 848 536 921 230 794 391 967 324 340 811 250 907 915 308 257 854 920 309 381 661 8 132 374 216 12 328 945 55 192 184 678 119 745 262 546 799 364 946 1000 839 210 35 22 651 935 512 764 956 973 705 128 537 107 833 215 518 712 783 241 500 908 710 514 614 1000 709 752 982 340 400 394 727 615 441 300 539 823 821 973
185 682 698 564 689 165 518 435 384 668 509 517 428 189 755 577 976 137 137 70 546 647 15 78 950 565 417 458 269 939 523 979 247 783 381 773 968 848 138 638 537 862 31 485 324 847 129 407 597 165 625 786 279 65 829 887 511 193 206 70 248 218 271 149 501 30 684 677 726 130 240 192 742 426 6 66 930 430 550 551 913 464 952 886 126 115 61 919 351 66 142 613 853 106 358 202 107 476 493 883
51 526 735 511 815 616 44 94 91 754 113 615 813 149 71 699 932 305 757 240 555 410 386 547 250 526 667 687 926 143 633 450 392 505 271 573 674 19 114 328 487 529 698 692 172 861 770 126 156 802 706 4 272 391 869 967 827 467 450 149 190 758 914 634 440 534 335 789 997 861 663 726 121 990 170 580 18 640 207 143 434 83 768 526 255 420 145 671 541 711 959 49 434 725 382 518 907 21 519 955
240 924 737 642 851 948 838 587 861 322 12 655 909 619 995 966 932 831 326 38 829 515 648 385 946 799 417 343 601 55 12 733 713 144 806 796 80 898 195 933 676 831 577 527 715 210 170 3 852 93 185 703 901 599 258 570 675 931 214 331 672 933 132 102 925 718 926 852 268 824 127 215 308 382 495 882 742 452 358 353 358 656 740 506 214 898 783 893 154 347 845 820 482 153 369 629 651 243 66 173
354 625 585 926 366 772 760 306 18 457 5 272 821 966 204 37 191 728 41 916 935 321 79 186 397 290 372 165 461 203 169 975 692 791 179 788 426 98 327 864 61 674 519 766 102 611 861 848 498 665 449 177 603 241 166 71 940 632 368 35 311 310 273 259 882 264 626 610 773 964 562 986 334 461 491 875 547 214 606 70 980 259 730 349 754 732 781 555 465 503 729 214 624 353 32 272 555 497 807 719
593 921 284 188 263 835 732 743 840 627 510 84 826 642 192 947 652 437 705 329 580 463 454 383 944 138 578 395 192 805 34 234 808 266 549 96 183 772 756 518 772 520 915 267 531 487 640 283 144 967 512 473 52 405 401 489 801 98 165 800 443 413 476 996 150 54 740 116 979 810 182 553 992 520 449 387 499 841 29 605 615 287 95 714 840 779 888 63 156 162 374 125 413 377 189 106 867 273 710 133
706 624 789 913 729 737 585 849 196 637 40 39 867 590 849 189 185 106 897 88 738 686 453 910 273 10 396 929 480 69 892 652 14 596 361 124 19 792 866 479 541 792 678 621 450 565 709 85 455 309 263 248 355 903 135 540 272 461 886 446 274 418 440 674 992 938 3 249 759 613 365 69 9 969 949 74 464 92 234 431 268 461 52 196 200 23 790 344 161 573 595 757 191 421 93 385 594 837 977 830
497 662 704 316 391 2 926 268 287 810 106 348 538 581 1 607 280 835 970 222 662 581 165 947 205 618 939 688 523 308 168 987 801 647 376 591 455 377 576 106 26 589 319 463 416 909 949 134 570 435 496 638 752 375 900 431 654 751 687 527 622 473 877 789 537 294 555 457 824 392 178 752 465 47 853 998 541 89 388 138 769 674 400 156 294 394 138 621 147 106 489 965 93 604 189 309 227 253 802 238
87 341 311 707 147 379 203 758 83 827 584 463 901 617 556 92 387 483 95 179 518 48 957 393 268 786 971 359 513 422 711 18 763 677 901 489 578 933 356 623 137 171 771 431 217 420 403 435 462 337 646 745 714 321 930 214 399 875 656 237 539 979 826 581 506 590 146 214 656 43 513 10 199 693 565 921 933 432 958 89 7 678 722 890 304 634 194 515 742 165 441 389 295 348 351 485 176 597 662 649
910 458 910 62 314 839 170 250 809 8 855 664 111 566 722 621 505 356 908 514 686 441 387 318 265 249 569 411 327 286 60 316 64 785 346 217 429 292 18 865 12 11 249 698 157 137 212 169 461 94 630 433 926 255 832 309 346 978 988 60 497 556 268 109 848 712 776 20 549 771 690 818 516 177 411 657 49 727 600 548 300 176 890 892 205 280 598 462 890 294 804 108 136 477 513 977 83 134 408 571
389 274 578 533 649 392 409 890 973 570 639 495 328 640 85 255 78 87 755 163 619 261 376 330 923 823 804 908 498 922 580 487 930 26 927 260 292 505 674 383 921 26 120 491 934 222 174 181 639 380 599 62 139 633 944 159 961 569 723 614 18 695 906 867 68 976 541 279 582 41 749 298 259 388 479 799 245 48 282 456 229 480 60 898 597 441 953 989 833 692 113 920 349 995 2 578 794 251 666 707
491 909 257 748 461 431 152 822 704 619 552 443 869 688 760 285 70 219 272 39 322 361 724 756 480 661 714 795 419 882 712 421 451 662 618 215 548 25 144 587 439 595 946 91 444 997 995 499 809 766 534 225 316 879 746 787 633 222 672 597 858 349 939 42 85 397 575 806 296 82 790 755 530 807 315 103 394 831 895 956 895 759 840 513 53 304 913 869 115 508 401 463 736 262 984 941 632 893 773 21
383 727 904 977 752 439 567 429 148 206 580 95 993 683 262 610 840 208 437 568 376 893 818 905 818 808 783 71 903 799 112 526 776 952 187 127 777 909 269 503 250 990 424 489 870 510 246 686 282 10 299 261 953 683 930 733 580 957 306 972 534 470 458 195 95 871 164 515 6 616 473 486 50 611 133 308 926 565 245 135 758 532 468 914 122 920 262 492 259 634 182 306 459 142 167 972 323 86 608 940
572 313 198 882 274 6 1 598 884 320 462 240 476 186 571 192 255 29 203 295 339 618 927 47 248 221 253 335 31 718 22 171 684 758 865 848 541 464 61 121 793 153 703 726 151 680 304 164 41 34 450 616 481 97 379 823 547 828 374 908 843 889 464 365 44 429 833 19 598 728 291 380 341 287 208 247 304 130 487 862 599 866 680 411 993 191 936 497 286 227 331 408 959 516 898 243 55 925 707 320
909 358 824 543 596 955 196 943 763 169 72 768 471 148 751 599 506 322 301 218 35 478 24 290 426 359 414 367 871 695 933 542 590 787 480 385 165 152 518 908 895 919 256 935 170 506 149 5 275 751 457 235 298 343 443 412 394 265 726 389 855 910 293 161 867 947 516 958 373 159 875 639 60 680 65 588 691 830 879 542 34 390 898 687 289 710 164 290 878 666 491 146 116 738 511 677 654 801 42 103
696 933 537 104 226 114 624 587 426 924 924 489 333 616 135 41 479 304 207 322 1000 596 245 332 829 112 734 474 674 7 153 557 730 572 427 702 99 857 11 812 822 155 328 874 418 559 943 46 558 475 419 798 161 554 608 929 648 261 966 313 317 569 411 206 461 254 531 361 62 266 771 309 771 619 215 190 875 667 706 638 828 208 839 314 860 923 540 851 580 44 939 947 136 615 271 884 749 179 981 299
811 692 547 887 75 687 907 21 680 264 216 862 873 677 994 44 731 317 377 589 820 75 601 435 546 693 233 827 304 417 824 595 847 888 100 613 843 268 440 47 323 956 143 526 583 499 248 537 60 438 359 224 9 123 215 529 48 514 885 694 146 892 329 833 688 890 108 754 293 993 598 164 179 449 220 813 708 700 636 674 588 262 819 800 862 166 510 746 268 412 698 289 841 743 710 585 120 930 823 307
569 802 521 257 14 76 328 423 748 811 46 694 85 139 165 425 269 246 264 318 158 359 386 935 765 976 293 783 899 243 622 184 175 770 479 417 65 253 446 635 389 453 659 549 64 997 706 462 158 182 481 393 460 501 784 223 529 647 806 992 858 145 994 693 214 150 172 310 623 894 524 212 743 331 719 566 610 144 294 390 699 980 740 899 46 863 673 370 172 55 345 552 13 377 980 412 25 397 499 347
940 903 522 21 226 929 970 614 699 854 595 30 923 225 896 76 898 964 867 906 618 599 484 766 115 783 437 484 125 863 600 599 640 449 157 83 106 596 56 315 26 112 854 741 844 608 448 768 680 535 144 153 852 505 496 342 153 347 638 233 237 487 895 966 134 950 331 432 923 268 607 666 379 130 987 186 24 684 190 844 799 944 672 569 28 148 868 54 794 400 401 535 470 743 642 965 517 164 514 74
442 262 729 144 796 368 115 777 680 345 452 628 375 294 560 727 918 903 395 616 166 712 235 484 320 279 365 417 873 176 612 976 304 97 202 854 367 648 882 902 936 702 248 902 862 707 845 559 361 11 197 885 357 878 724 382 810 401 839 978 860 136 406 49 191 627 238 623 223 693 904 329 451 959 991 689 893 120 580 657 944 8 579 366 476 438 474 229 263 382 705 911 402 550 316 798 856 708 447 676
531 977 299 308 398 500 515 798 669 427 834 169 89 154 867 697 532 872 614 702 507 878 685 174 779 411 881 397 784 945 893 500 773 856 260 333 540 188 896 447 152 623 503 197 534 201 794 38 85 530 522 389 787 521 994 93 139 268 807 934 768 579 520 413 732 833 291 248 116 247 571 196 125 502 768 114 951 381 40 2 815 227 1 583 423 639 290 472 375 283 813 207 574 184 609 832 880 285 959 947
348 624 877 735 989 481 272 781 527 375 683 670 673 331 748 823 33 976 8 895 2 838 699 69 834 265 793 516 265 326 936 848 606 457 880 142 644 888 941 428 222 108 552 16 580 596 980 299 61 760 610 46 335 619 707 528 514 480 126 933 725 239 163 760 348 1 171 885 142 309 153 591 667 353 367 64 793 823 994 430 418 785 897 146 432 41 278 353 591 747 847 597 227 129 464 494 452 372 22 217
382 784 169 541 337 163 386 698 158 908 122 81 516 614 627 572 493 161 468 623 362 818 916 414 577 599 21 417 700 24 431 70 896 808 817 77 172 989 437 414 702 858 578 923 878 685 175 935 950 260 420 193 488 406 967 782 221 989 330 637 209 385 123 169 181 128 743 98 722 622 916 990 207 969 355 626 226 449 32 80 857 835 284 197 700 670 782 487 722 810 190 78 696 464 170 984 926 625 990 288
301 968 760 573 842 724 607 312 628 552 993 516 738 892 406 715 228 727 988 660 819 45 397 592 522 16 2 417 197 357 26 16 14 86 714 225 54 201 842 873 572 596 736 352 512 878 250 829 184 340 506 926 449 720 979 360 713 697 823 815 446 450 571 637 96 848 609 812 756 130 66 847 141 608 363 342 251 418 282 719 6 643 545 836 107 80 430 754 192 399 157 17 612 740 712 979 73 450 387 894
77 828 216 868 750 175 947 419 877 388 628 980 377 125 700 46 350 426 58 100 132 613 903 660 597 604 115 644 883 677 470 349 827 363 302 493 261 347 247 512 625 813 275 623 262 719 406 839 38 589 317 427 742 144 731 726 577 338 227 447 435 462 601 49 853 461 232 800 654 101 213 882 926 603 888 899 710 531 442 247 839 353 477 694 445 751 222 117 834 55 39 703 68 734 603 434 86 856 425 541
771 424 462 444 959 267 602 565 938 973 444 924 311 781 843 174 957 815 764 887 220 832 978 868 179 777 298 87 809 717 580 732 347 459 724 639 621 876 113 485 252 888 450 802 155 598 203 803 138 795 708 171 569 754 94 608 307 698 536 755 304 196 664 388 60 941 322 11 45 616 6 995 185 753 318 32 375 795 81 946 188 247 618 964 5 744 92 405 399 224 161 183 697 354 268 843 862 190 102 599
861 121 267 694 758 921 7 705 78 994 897 348 626 320 800 744 650 706 158 978 54 403 571 665 363 996 546 477 808 152 68 439 719 230 428 525 300 58 727 399 827 505 280 356 831 129 570 125 583 153 902 363 660 445 896 423 293 440 208 770 285 681 306 967 509 617 646 483 534 27 610 381 693 819 424 242 881 308 379 97 664 120 860 261 466 928 520 794 797 89 417 685 836 233 731 746 543 476 288 586
432 485 140 931 962 886 458 322 695 514 816 552 642 822 302 739 452 906 607 312 213 410 260 712 712 642 982 532 878 433 118 580 427 274 63 289 880 619 309 489 553 708 892 731 526 314 922 270 364 380 492 880 624 181 538 332 65 298 6 155 230 455 382 15 265 552 202 643 81 371 284 465 201 11 379 247 498 906 341 315 612 846 932 333 351 164 789 720 951 682 480 287 581 416 189 825 929 444 124 620
798 98 233 130 447 482 404 188 548 240 458 731 534 824 464 838 475 494 554 935 165 755 918 425 596 568 418 726 617 276 528 287 563 460 953 773 476 676 715 756 302 248 796 257 701 820 505 394 112 605 394 407 604 7 377 94 914 900 15 620 956 685 784 909 262 642 291 243 958 649 454 931 230 379 979 46 1 226 176 689 907 327 149 793 897 877 664 847 564 864 283 710 160 202 511 234 928 707 395 894
716 542 970 338 598 853 743 815 117 378 550 152 603 894 519 59 130 550 616 647 81 820 237 495 110 336 599 967 869 207 614 525 533 459 480 953 958 441 124 317 446 119 565 276 696 398 303 92 731 956 249 701 572 525 685 721 880 109 529 215 423 528 15 12 436 996 688 663 372 691 137 882 288 834 75 132 753 529 355 185 516 982 678 646 268 650 161 751 796 924 754 379 836 755 781 947 620 721 751 848
266 971 3 381 691 165 134 250 295 412 740 463 728 798 655 194 766 417 343 229 156 896 19 958 697 443 755 615 692 434 696 253 236 158 772 729 718 657 347 6 749 841 359 462 149 195 33 574 297 263 453 460 504 25 196 42 635 279 346 612 235 83 587 403 412 756 775 810 529 737 219 171 825 925 19 406 597 104 801 434 469 450 755 750 248 942 280 648 118 129 812 442 259 335 9 307 773 810 544 924
913 914 201 491 967 729 794 863 945 287 217 840 837 974 680 75 176 475 654 969 464 683 106 690 365 532 711 707 174 954 75 660 985 266 259 832 168 890 85 205 950 746 863 698 324 199 659 170 329 146 513 860 119 164 100 737 294 382 205 706 114 936 364 636 296 521 502 602 684 225 26 974 505 233 290 217 740 540 646 753 499 994 916 737 267 504 299 38 179 250 855 901 784 629 876 275 181 73 323 889
246 245 816 239 455 876 526 496 911 664 707 315 603 256 293 603 605 127 390 115 739 385 973 264 538 386 20 158 306 647 126 976 637 560 267 523 806 245 152 81 519 178 720 322 335 743 167 599 887 859 661 421 506 229 483 183 985 448 974 296 662 28 215 993 91 538 687 92 8 556 546 708 453 312 840 548 144 859 611 70 667 895 480 795 105 746 422 936 491 893 433 434 359 715 894 15 778 13 313 899
392 334 87 132 782 224 253 932 399 261 52 225 666 663 90 125 289 22 602 100 168 902 806 732 247 366 670 222 788 301 976 240 559 534 815 986 733 209 182 50 197 993 116 506 699 956 546 710 718 587 205 657 433 884 144 996 150 771 765 19 395 737 579 877 384 691 679 403 496 616 125 970 247 909 146 610 483 596 875 950 521 639 908 317 883 731 422 974 563 120 532 339 902 171 311 691 930 943 888 144
465 158 809 767 769 118 363 504 463 225 674 213 436 89 676 976 909 738 871 922 439 476 97 162 249 990 293 694 249 481 821 529 199 385 407 193 199 539 613 842 651 831 804 643 810 621 465 353 517 487 463 124 646 788 667 893 93 785 842 37 779 826 834 256 718 46 336 845 259 260 241 306 269 380 249 96 586 335 40 815 920 780 967 209 575 543 101 831 174 223 588 389 933 359 473 414 62 809 698 261
166 392 217 78 93 995 165 33 314 269 239 918 758 742 360 431 499 457 851 493 959 962 303 140 833 792 821 746 499 296 963 122 519 796 562 301 219 617 268 913 856 708 230 4 740 462 122 576 625 185 267 389 467 951 578 972 362 755 62 794 187 984 253 974 844 881 168 714 801 305 48 460 571 728 95 943 208 692 453 599 784 506 392 575 829 343 732 957 206 637 775 172 962 816 910 442 508 227 152 478
33 306 298 615 936 278 87 463 438 860 234 197 591 187 939 620 248 523 572 616 137 687 314 620 698 664 406 959 897 213 318 288 832 589 90 914 843 940 624 499 349 569 260 370 788 643 71 734 90 679 260 996 859 858 224 543 321 351 478 181 318 828 48 439 890 138 587 50 556 819 516 433 799 640 695 858 217 295 334 592 565 696 157 284 353 885 737 585 216 110 711 945 465 73 841 526 952 178 294 315
535 610 556 477 215 995 140 292 210 460 466 242 772 355 486 587 991 966 684 910 282 736 612 908 26 738 659 512 287 796 336 387 591 363 496 330 110 951 293 215 815 477 216 653 7 201 452 71 393 405 606 909 979 506 257 487 707 253 27 824 557 693 408 923 760 492 76 61 314 133 87 66 818 630 250 164 578 552 610 719 339 756 157 406 48 342 533 167 462 21 993 910 928 960 724 670 819 12 70 431
675 884 682 697 854 815 420 82 992 814 357 912 813 759 607 396 788 400 748 778 11 550 637 627 279 917 574 162 571 664 47 361 310 137 193 703 862 547 610 797 648 598 615 626 45 421 520 902 84 945 738 60 752 799 434 252 213 568 963 812 131 280 394 284 532 913 940 32 850 762 825 910 26 149 989 861 366 936 717 364 362 244 696 303 62 47 581 850 543 539 263 716 698 367 528 533 455 87 190 709
246 318 5 556 518 499 795 62 544 161 38 706 904 963 489 130 516 828 571 771 395 59 213 204 461 194 809 830 161 140 840 617 834 996 442 887 635 191 371 560 361 753 304 6 786 583 687 491 560 781 887 63 179 339 875 836 29 642 611 194 545 424 536 379 200 532 222 717 718 399 326 998 645 440 764 655 308 881 965 583 747 590 210 313 990 221 97 565 798 678 333 206 956 297 484 118 939 908 126 73
733 34 301 258 438 259 341 655 840 58 193 533 441 518 941 228 512 161 55 964 140 516 436 408 406 20 741 620 783 996 684 582 612 13 54 577 527 554 581 321 589 309 125 169 742 335 178 855 954 327 981 788 927 228 497 512 455 691 851 950 33 161 857 494 530 297 69 807 838 709 545 84 625 802 905 253 609 155 994 715 722 402 57 912 307 911 341 581 311 675 926 473 978 413 899 220 501 58 476 90
765 195 291 482 973 660 999 176 904 967 254 427 684 731 622 380 964 366 421 72 333 630 316 111 352 464 20 134 514 906 536 33 826 801 111 93 286 976 309 70 683 927 526 573 580 918 266 189 697 765 358 197 521 661 475 563 404 476 823 653 695 410 16 641 124 967 620 676 599 550 491 924 245 759 790 191 292 123 926 277 416 687 942 848 794 431 188 586 954 112 718 726 832 9 598 588 143 913 918 633
890 170 815 260 861 838 555 586 40 940 116 293 831 771 320 744 457 42 629 248 208 313 249 166 824 204 861 272 369 188 179 720 291 677 46 238 22 750 940 71 629 301 272 286 400 433 623 631 957 434 815 198 365 985 862 258 885 910 148 847 39 408 385 235 157 127 476 919 999 811 529 809 750 256 782 947 520 248 677 79 255 160 34 236 372 533 210 121 281 172 714 19 611 933 293 906 364 435 525 73
638 470 797 841 242 47 264 960 126 822 507 433 245 586 625 897 148 335 347 132 30 979 761 136 955 427 79 549 681 858 18 73 706 323 456 497 905 590 714 607 531 259 709 150 141 326 962 234 487 217 240 462 324 173 873 534 729 285 292 72 548 623 104 64 565 139 771 571 396 980 61 562 248 198 657 851 534 156 268 164 213 5 806 999 47 498 77 217 815 136 8 648 562 413 582 290 309 694 61 605
736 982 726 68 958 188 853 327 803 423 576 379 267 447 509 1 841 130 591 318 528 233 206 140 718 942 413 51 840 782 296 171 2 758 546 247 228 287 689 815 214 60 26 89 201 366 189 977 287 18 39 445 639 826 617 997 89 256 687 657 354 840 115 956 853 101 266 895 393 921 337 128 128 63 43 545 916 175 400 180 188 450 421 712 24 591 826 217 590 998 180 345 930 208 624 26 239 544 822 350
406 760 596 522 152 377 94 59 884 469 815 753 812 695 155 925 439 628 698 613 148 572 808 757 828 595 398 462 443 874 597 34 570 127 725 237 43 85 730 615 885 553 839 689 33 550 506 678 402 896 716 675 583 772 935 372 868 683 396 929 414 790 686 301 79 378 532 207 84 775 71 262 335 880 982 618 355 893 794 773 145 73 631 153 687 382 725 525 646 530 993 744 408 843 895 580 283 988 244 43
230 472 767 525 175 236 785 42 844 394 478 762 192 80 740 516 950 174 118 299 368 904 541 37 911 853 82 61 855 460 395 510 128 854 380 462 188 806 9 291 255 720 742 387 877 752 91 28 635 240 194 321 807 773 361 30 925 544 227 415 431 925 140 60 920 819 516 304 149 665 851 120 389 477 792 686 661 292 897 870 248 259 299 698 964 471 999 851 97 968 206 498 815 199 986 684 845 748 950 867
843 992 377 775 926 568 783 56 725 458 587 54 258 449 142 438 248 6 476 345 74 929 697 593 87 696 543 551 679 487 218 601 135 332 913 819 275 11 785 347 848 994 46 441 397 904 311 145 297 533 913 541 250 200 705 329 844 288 692 84 566 525 609 943 826 856 993 208 292 972 409 629 359 372 475 123 365 316 743 71 600 626 145 324 917 643 975 902 959 2 632 514 748 588 339 61 658 396 484 874
248 314 636 119 706 654 798 39 387 675 252 919 347 592 948 738 458 442 871 453 910 564 802 773 569 180 2 53 751 811 689 990 759 22 930 783 298 345 164 521 191 406 374 89 895 863 317 707 307 146 207 173 693 23 237 35 760 905 64 790 478 316 636 764 210 362 481 948 64 745 243 242 677 882 955 327 155 276 409 375 261 723 48 469 781 681 610 45 372 975 161 580 826 581 59 128 89 199 982 450
281 743 865 54 219 787 18 184 77 303 547 284 617 76 776 540 451 141 991 835 999 85 142 677 835 70 373 817 35 937 422 808 601 453 838 439 914 197 343 765 52 874 120 423 675 82 620 676 721 908 289 806 285 191 487 526 878 644 30 966 351 9 404 295 467 131 594 51 159 959 764 637 64 427 130 167 695 140 669 262 931 964 177 609 403 315 820 767 479 722 439 630 495 841 49 227 98 677 782 998
592 343 673 584 409 735 508 566 465 362 47 230 648 268 429 938 519 524 827 403 871 526 512 974 460 323 671 450 586 473 492 163 270 60 670 803 448 78 724 408 544 77 983 735 886 461 247 940 560 594 409 160 369 705 893 595 384 444 994 761 133 50 611 195 831 126 443 628 766 40 527 322 958 436 281 661 397 649 391 99 391 22 166 52 680 53 442 829 549 939 2 905 417 727 785 607 615 402 34 54
796 924 492 349 753 364 866 990 251 933 531 758 511 297 555 400 220 631 369 868 337 351 736 628 597 234 707 825 244 699 100 488 194 166 261 46 508 942 383 54 269 426 414 978 985 372 38 533 547 648 601 652 43 598 672 543 337 203 361 544 377 859 627 703 782 302 704 819 167 699 273 389 43 765 464 401 619 547 753 690 839 62 26 689 359 332 355 305 242 529 598 472 460 380 81 452 76 305 926 358
413 661 943 912 12 690 755 625 24 898 578 931 164 239 675 851 875 247 154 836 201 650 865 956 287 332 798 315 886 349 326 175 974 228 980 229 729 36 715 494 345 87 368 603 284 432 221 456 897 609 621 355 884 790 475 701 426 831 627 328 929 872 395 878 434 28 18 635 818 592 199 185 520 352 857 676 635 659 942 768 475 767 581 941 958 666 954 853 801 229 71 700 380 460 982 800 123 212 693 720
880 483 333 691 778 795 14 10 963 556 56 555 228 724 953 304 954 383 724 559 913 901 106 605 497 548 786 77 611 142 994 47 24 362 842 369 440 861 663 51 576 182 898 768 546 376 297 864 205 778 468 82 93 611 509 43 900 935 814 981 595 259 649 761 193 813 135 805 489 160 209 524 199 406 401 44 133 754 740 259 165 892 487 675 316 605 588 175 958 107 706 123 363 328 619 149 259 87 600 803
165 344 773 487 914 181 713 174 266 133 438 20 612 181 83 362 851 290 289 601 999 594 109 243 141 782 448 291 954 631 411 76 856 161 297 931 51 615 278 724 547 352 463 59 195 769 796 761 836 740 169 589 993 96 766 948 508 81 658 969 960 353 906 265 674 71 160 134 16 883 427 727 378 24 877 494 704 252 757 103 195 332 751 341 659 6 958 770 552 519 861 856 421 727 38 421 938 540 546 505
595 999 955 898 715 743 609 113 91 215 982 755 807 396 898 770 727 84 489 118 131 484 423 191 619 407 986 103 240 560 521 220 867 406 800 585 976 178 323 662 714 819 300 178 463 132 38 387 346 954 523 799 431 853 524 477 474 609 918 864 4 867 324 480 734 535 300 513 144 414 922 826 258 397 441 492 973 75 629 641 687 929 153 999 591 993 498 87 405 524 247 827 909 170 323 547 405 695 256 399
571 115 613 122 829 829 721 8 242 861 937 638 594 424 324 749 423 17 403 148 820 893 651 573 844 964 591 237 666 38 858 749 433 11 635 390 875 303 608 472 352 732 59 512 1 805 758 954 499 528 287 402 478 104 712 286 708 699 795 736 827 393 641 353 870 726 637 668 522 774 760 17 493 754 275 160 933 29 582 945 372 96 865 229 382 17 515 402 898 967 34 171 475 558 228 249 936 890 176 336
515 361 475 274 560 71 5 270 138 918 932 205 906 841 693 752 541 225 595 202 575 589 205 727 379 482 583 913 32 498 577 572 25 866 874 946 16 558 671 853 49 192 221 590 421 305 282 962 644 541 45 407 804 689 141 387 655 895 720 761 144 588 902 874 124 132 578 81 474 539 846 813 84 359 806 517 808 255 353 409 334 200 383 792 273 6 838 151 869 951 825 304 28 571 346 622 615 474 412 676
170 585 328 825 871 433 864 212 601 58 334 486 485 329 94 597 909 148 625 278 884 750 474 332 844 369 752 486 916 30 537 179 642 325 7 887 861 475 172 905 491 95 231 702 850 719 741 597 960 19 8 455 611 556 722 228 315 121 286 483 59 589 283 782 912 66 139 839 359 235 349 264 119 303 965 64 854 399 216 17 39 57 15 724 444 555 955 170 879 71 977 233 823 857 598 248 976 16 681 589
283 687 278 553 383 942 126 992 798 929 893 965 123 850 96 400 970 345 127 446 588 312 428 604 777 977 373 793 579 14 78 546 311 416 529 322 167 545 625 877 166 294 894 204 758 565 934 603 618 894 944 772 62 157 925 972 290 972 98 921 805 962 645 269 625 235 48 228 954 960 268 412 518 522 36 805 520 904 202 244 738 986 958 812 137 830 419 614 774 825 312 461 478 311 86 584 126 403 690 806
650 40 167 809 675 970 770 95 523 88 894 87 688 555 96 876 636 638 146 896 517 142 435 245 970 935 541 696 239 543 209 528 229 672 796 668 25 9 493 233 504 295 513 512 952 615 701 38 604 407 741 861 340 486 603 943 483 745 644 486 992 797 178 699 31 278 711 738 650 134 74 225 622 585 80 1 171 752 750 298 247 257 741 471 433 427 435 655 925 338 821 334 318 882 115 800 174 834 129 165
117 508 76 876 673 965 628 259 176 148 966 756 158 41 663 102 429 898 588 868 811 590 924 217 909 911 565 576 368 373 271 673 575 379 267 348 761 648 910 647 623 14 686 543 30 348 169 131 855 442 852 427 197 674 436 824 358 872 338 33 178 217 341 196 444 565 56 951 543 398 944 610 43 927 196 284 414 553 441 221 576 221 40 873 330 630 649 722 567 374 435 483 69 372 593 814 62 940 248 961
16 82 831 237 480 504 733 496 557 202 560 576 223 184 671 946 702 558 8 943 377 776 990 658 240 217 182 857 524 803 198 345 958 406 933 133 993 848 517 228 420 812 447 927 93 785 957 91 850 34 666 848 904 133 926 811 187 370 286 477 314 1000 969 704 484 798 100 440 292 225 940 989 950 306 657 822 154 859 139 82 165 374 748 981 170 856 333 83 876 390 75 356 997 168 882 308 340 934 671 902
655 305 329 460 615 544 722 631 935 47 701 385 917 931 367 434 969 481 339 53 535 835 548 120 142 817 128 144 150 301 836 194 395 901 597 930 232 511 93 725 479 927 912 675 858 101 498 263 183 309 553 596 359 88 968 927 283 757 248 621 33 784 142 312 453 940 212 807 842 43 366 687 667 121 259 305 323 256 675 137 589 982 467 571 242 162 264 591 300 758 927 290 30 213 554 1 145 17 596 78
839 292 956 684 724 933 998 303 67 579 82 544 869 985 221 471 244 72 741 465 416 930 717 894 311 381 771 708 447 248 899 553 397 678 382 393 90 633 411 219 674 749 156 961 328 252 778 833 901 155 495 86 403 616 606 440 548 179 169 249 7 221 890 301 628 219 830 608 567 356 714 679 525 439 215 694 258 452 636 503 855 681 47 241 197 934 771 543 15 356 75 669 745 510 250 825 835 402 910 510
397 571 715 343 506 897 743 767 442 288 57 912 969 724 731 194 190 768 439 329 592 125 297 678 334 987 694 557 990 188 788 95 891 538 515 526 309 602 572 576 157 595 816 186 898 551 610 490 644 351 812 918 196 15 343 55 61 770 982 297 414 962 994 335 886 952 31 403 775 674 592 528 665 59 323 63 41 849 805 991 676 973 774 793 691 821 343 983 731 433 847 483 379 250 603 283 95 390 816 195
434 757 560 447 48 202 722 378 757 22 126 331 736 721 664 925 365 545 600 934 206 677 970 961 833 447 435 921 625 368 384 442 365 404 285 930 194 53 67 650 463 869 718 211 592 323 311 191 828 794 83 237 181 297 83 898 143 248 67 981 395 176 716 739 2 659 363 946 596 869 79 152 717 362 366 312 451 867 616 563 436 814 803 621 957 422 481 687 530 453 896 329 349 799 755 102 875 438 283 456
817 627 962 946 124 779 947 361 966 46 788 504 446 386 386 969 57 467 694 139 36 244 561 592 708 252 708 453 238 414 989 109 973 590 100 996 222 266 826 39 979 558 63 995 142 426 116 432 129 277 190 606 873 347 151 786 854 892 663 435 95 394 141 40 919 966 145 656 543 137 239 515 753 903 255 515 110 86 337 140 95 290 958 208 975 732 571 449 826 182 283 903 130 290 557 845 241 163 796 963
207 4 878 865 18 527 569 482 473 248 531 682 756 218 944 174 927 467 596 90 173 791 241 857 533 712 497 726 137 799 76 859 560 690 602 488 372 858 694 742 742 677 592 656 136 905 135 189 821 585 437 230 169 605 229 56 447 412 807 860 976 973 137 703 695 567 426 427 586 271 655 944 601 647 727 618 820 311 722 937 560 277 122 247 476 548 689 362 5 735 405 71 821 133 877 796 692 996 373 252
741 286 476 434 156 60 662 607 965 179 709 115 419 712 726 304 480 951 6 687 532 307 401 798 46 177 462 161 198 957 299 521 409 301 466 208 55 202 974 34 881 293 109 651 190 980 111 553 792 409 947 104 318 561 132 408 789 718 392 403 454 175 896 310 872 816 588 162 382 72 617 768 232 701 404 370 132 986 682 682 96 248 670 576 476 155 201 417 689 716 257 490 980 539 257 916 198 256 657 180
532 407 221 781 560 841 995 66 929 699 81 552 180 73 683 739 875 359 853 986 744 824 101 725 30 311 880 63 664 739 209 356 731 628 313 152 908 250 205 168 991 61 350 390 362 491 493 141 32 804 222 842 958 64 970 216 31 871 226 938 949 249 899 964 602 759 985 195 55 769 13 879 846 659 261 615 569 242 309 367 884 447 685 430 410 909 554 324 708 283 614 603 503 212 772 680 297 320 186 601
388 824 729 866 997 567 195 68 660 613 289 925 550 181 887 664 536 828 111 105 854 14 856 206 418 152 508 551 121 793 394 214 292 306 544 860 248 938 152 797 163 60 940 409 352 243 101 708 193 749 308 687 38 23 443 397 355 395 917 811 792 953 154 295 502 123 432 103 901 822 617 799 494 406 106 673 694 812 140 704 793 630 22 308 377 407 985 641 477 881 966 942 679 430 484 669 909 866 867 383
407 251 439 54 228 37 52 896 844 826 909 461 654 219 731 744 962 731 806 543 409 174 936 901 869 96 952 61 35 443 671 317 218 292 757 508 605 552 186 188 80 241 952 389 152 280 582 915 68 85 144 443 659 526 40 599 688 357 931 662 587 903 559 566 252 752 477 884 594 919 104 147 641 115 554 259 204 783 198 629 518 145 436 734 94 56 731 203 188 918 695 34 560 867 335 749 11 924 651 156
415 860 812 782 917 550 16 617 249 130 973 422 531 445 390 931 239 262 94 741 258 999 610 538 790 685 910 865 637 882 120 258 232 476 456 891 535 179 492 857 299 814 456 139 984 74 40 157 478 393 500 594 950 784 248 150 776 798 1000 50 314 807 240 435 974 106 901 323 458 583 917 746 659 758 268 340 338 346 857 421 866 646 661 667 843 658 642 628 707 234 840 167 594 748 480 180 346 420 839 930
374 173 190 405 922 70 606 516 252 91 624 540 127 946 969 988 294 386 244 637 358 878 303 200 947 263 279 171 297 729 955 506 440 578 237 435 322 514 942 131 199 147 811 297 149 967 922 958 359 730 355 23 77 305 654 869 277 454 95 639 842 985 172 382 280 420 59 466 723 259 876 227 705 673 851 19 518 856 736 477 711 612 355 362 345 786 346 681 845 18 828 356 299 531 725 774 560 774 717 929
85 5 436 583 76 563 810 572 782 285 286 494 717 189 269 374 765 381 169 269 857 742 1 9 300 280 909 213 383 718 963 26 977 567 609 860 57 649 405 508 847 673 742 929 785 652 448 393 158 315 198 802 625 968 697 266 645 569 912 925 522 329 277 70 859 753 923 598 73 762 662 394 523 530 36 84 311 398 72 594 604 482 918 560 675 373 646 957 173 930 952 563 551 937 374 629 464 12 130 87
581 942 114 816 330 446 92 969 120 456 67 309 554 185 399 717 11 947 33 480 192 325 574 566 468 897 420 476 726 378 963 110 722 842 838 403 873 90 407 831 19 784 140 58 188 688 409 851 11 621 663 256 637 913 105 762 518 170 547 4 387 433 333 236 907 2 232 994 299 579 19 342 172 114 215 801 306 697 974 262 419 11 72 740 371 424 851 290 182 52 577 322 552 823 820 573 618 723 144 429
418 991 415 46 52 910 116 177 909 98 239 263 535 924 826 720 887 230 143 516 893 777 184 17 680 363 889 986 353 746 406 918 60 529 707 158 35 738 42 83 640 769 552 947 347 799 880 142 38 142 593 987 644 432 223 890 294 569 721 305 546 520 905 540 596 467 426 313 882 512 115 304 68 935 904 441 884 660 881 637 462 820 939 155 544 762 847 247 802 571 4 525 764 482 273 435 125 856 889 493