4
10 42 1
10 
1 1 16
1 2 14
1 4 12
1 5 11
1 9 15
1 10 12
2 2 11
2 3 16
2 5 16
2 7 18
3 3 13
3 4 18
3 8 18
3 9 14
3 10 13
4 1 16
4 4 11
4 8 18
4 10 18
5 3 19
5 4 20
5 9 14
6 1 14
6 3 20
6 4 13
6 5 17
6 7 18
6 10 13
7 1 20
7 3 14
7 6 15
7 10 16
8 3 17
8 8 19
8 10 12
9 3 11
9 5 18
9 10 11
10 1 15
10 3 14
10 5 16
10 8 13
30 294 2
3 27 
1 4 11
1 6 13
1 9 12
1 18 18
1 19 19
1 21 13
1 22 16
1 25 7
1 26 15
1 27 13
1 28 20
2 1 11
2 3 20
2 4 13
2 5 11
2 6 20
2 7 13
2 8 20
2 14 13
2 15 12
2 17 12
2 18 13
2 20 17
2 25 14
2 26 17
3 1 13
3 2 14
3 5 16
3 6 12
3 10 17
3 11 13
3 13 20
3 15 20
3 28 20
3 29 13
4 1 17
4 2 11
4 3 17
4 4 11
4 5 19
4 11 11
4 13 14
4 15 11
4 18 20
4 22 20
4 23 13
4 27 14
5 2 17
5 3 18
5 6 13
5 8 15
5 9 14
5 11 18
5 12 14
5 14 16
5 18 17
5 20 17
5 23 18
5 28 13
6 4 15
6 9 11
6 11 16
6 17 15
6 18 12
6 24 17
6 28 16
6 29 12
7 6 20
7 7 19
7 10 16
7 13 18
7 14 13
7 18 16
7 19 12
7 20 16
7 21 17
7 23 19
7 24 12
7 26 15
7 28 13
8 3 17
8 5 20
8 7 13
8 16 16
8 18 14
8 21 11
8 22 16
8 24 12
8 27 12
9 5 19
9 7 16
9 8 11
9 10 20
9 14 13
9 16 20
9 17 11
9 21 11
9 22 15
9 29 13
9 30 11
10 2 15
10 4 15
10 5 11
10 6 12
10 7 16
10 9 20
10 11 16
10 12 14
10 17 11
10 18 15
10 20 17
10 21 20
10 26 15
11 1 15
11 2 15
11 4 13
11 9 12
11 17 12
11 23 19
11 24 15
11 25 20
11 28 13
12 10 13
12 12 18
12 14 14
12 17 16
12 18 19
12 22 17
12 24 18
12 26 18
12 27 17
12 29 16
13 1 13
13 2 12
13 3 11
13 11 13
13 14 11
13 18 16
13 21 13
13 23 17
13 27 12
13 29 15
13 30 16
14 2 14
14 5 20
14 8 20
14 13 13
14 17 12
14 18 17
14 19 15
15 2 14
15 4 16
15 7 12
15 8 12
15 9 16
15 15 11
15 17 15
15 18 20
15 22 20
15 24 13
16 1 11
16 6 13
16 13 17
16 14 11
16 15 15
16 16 11
16 17 11
16 18 18
16 20 14
16 22 13
16 25 13
16 30 18
17 7 17
17 9 19
17 10 18
17 12 19
17 13 17
17 14 12
17 15 13
17 18 19
17 29 14
18 3 12
18 13 15
18 15 19
18 18 16
18 19 15
18 20 12
19 1 7
19 3 20
19 4 11
19 7 20
19 10 13
19 11 15
19 16 14
19 23 18
19 25 17
19 29 13
20 4 16
20 10 15
20 12 18
20 13 18
20 15 12
20 22 20
20 26 19
20 27 17
20 30 16
21 1 15
21 3 13
21 6 16
21 12 17
21 16 18
21 18 14
21 22 12
21 23 16
21 24 20
22 2 16
22 7 14
22 11 20
22 13 13
22 17 19
22 18 11
22 19 16
22 20 15
22 24 20
22 25 17
22 26 18
23 2 13
23 5 19
23 11 14
23 14 12
23 15 17
23 16 20
23 21 14
24 5 13
24 7 20
24 8 15
24 9 16
24 16 18
24 17 19
24 20 19
25 1 16
25 4 13
25 5 16
25 16 20
25 17 20
25 18 13
25 20 12
25 21 19
25 22 11
25 24 18
25 30 12
26 6 11
26 7 14
26 8 11
26 9 20
26 13 15
26 16 14
26 21 14
26 26 17
26 27 12
26 30 12
27 2 11
27 7 13
27 9 18
27 20 16
27 24 16
27 25 13
27 28 18
28 1 11
28 3 16
28 4 16
28 10 18
28 11 20
28 18 16
28 22 12
28 24 20
29 4 11
29 5 16
29 7 13
29 10 12
29 13 16
29 15 16
29 16 13
29 21 20
29 30 13
30 8 14
30 9 13
30 11 15
30 16 15
30 20 17
30 26 20
30 27 20
30 28 11
30 29 17
50 1240 3
31 23 49 
1 1 12
1 7 13
1 8 11
1 9 15
1 10 13
1 12 11
1 15 19
1 16 20
1 17 13
1 18 18
1 21 13
1 23 13
1 26 13
1 30 18
1 32 17
1 34 15
1 37 18
1 38 17
1 39 18
1 41 11
1 44 18
1 45 13
1 46 14
1 47 17
1 48 19
1 49 20
2 1 16
2 2 12
2 6 16
2 7 19
2 11 19
2 12 12
2 13 17
2 15 18
2 16 14
2 17 18
2 18 13
2 20 13
2 22 19
2 23 19
2 25 13
2 27 11
2 28 13
2 29 13
2 30 14
2 31 16
2 32 18
2 33 18
2 36 14
2 40 11
2 41 14
2 43 14
2 44 16
2 45 20
2 49 18
2 50 14
3 4 14
3 8 14
3 9 11
3 11 19
3 14 20
3 15 19
3 17 16
3 19 16
3 21 14
3 24 17
3 26 17
3 29 13
3 30 20
3 32 14
3 33 13
3 34 11
3 37 15
3 39 15
3 41 15
3 42 18
3 43 20
3 44 16
3 45 13
3 46 14
3 48 12
3 49 19
4 4 11
4 6 12
4 11 17
4 12 16
4 14 12
4 16 20
4 17 13
4 18 16
4 20 18
4 24 12
4 28 15
4 31 20
4 32 19
4 33 19
4 35 15
4 36 13
4 38 13
4 39 15
4 40 12
4 41 18
4 43 13
4 45 13
4 46 19
4 47 11
4 49 11
4 50 11
5 1 7
5 5 14
5 6 19
5 8 12
5 10 20
5 12 17
5 13 15
5 14 16
5 17 13
5 19 14
5 21 11
5 22 20
5 25 18
5 33 18
5 34 18
5 36 15
5 38 13
5 39 19
5 42 20
5 45 11
5 48 12
5 49 12
5 50 19
6 2 11
6 4 20
6 5 14
6 6 18
6 7 16
6 9 12
6 12 14
6 16 12
6 20 17
6 21 15
6 25 13
6 32 18
6 35 12
6 36 11
6 38 12
6 42 19
6 45 18
6 46 18
6 47 14
6 48 14
6 49 12
6 50 13
7 2 20
7 3 13
7 5 15
7 6 18
7 8 11
7 9 17
7 14 18
7 16 11
7 17 17
7 18 11
7 20 17
7 23 12
7 37 19
7 38 14
7 41 16
7 43 18
7 47 14
7 48 16
7 49 19
7 50 11
8 2 13
8 4 11
8 5 11
8 6 20
8 7 18
8 10 13
8 13 19
8 14 15
8 19 13
8 20 15
8 22 18
8 27 18
8 29 17
8 30 12
8 34 16
8 35 13
8 37 11
8 38 13
8 39 18
8 40 18
8 42 12
8 45 17
8 46 11
8 47 19
8 49 11
8 50 16
9 1 11
9 2 17
9 3 12
9 5 20
9 11 20
9 14 17
9 16 17
9 20 15
9 21 19
9 22 20
9 23 19
9 25 11
9 26 11
9 27 13
9 30 19
9 32 14
9 35 17
9 39 17
9 40 13
9 41 11
9 42 17
9 43 18
9 45 20
9 46 18
9 50 17
10 2 17
10 3 12
10 4 18
10 5 13
10 8 16
10 11 15
10 12 17
10 13 15
10 16 14
10 17 15
10 19 15
10 26 14
10 29 19
10 30 16
10 32 11
10 34 14
10 35 19
10 36 13
10 37 19
10 38 18
10 44 13
10 45 17
10 47 17
10 48 16
11 1 19
11 2 17
11 6 13
11 7 13
11 9 11
11 16 15
11 18 13
11 19 11
11 21 20
11 22 17
11 23 20
11 25 19
11 27 16
11 28 17
11 30 14
11 32 20
11 33 11
11 34 18
11 35 19
11 36 15
11 41 20
11 42 16
11 43 15
11 46 13
11 47 18
11 49 20
11 50 15
12 1 14
12 2 13
12 3 13
12 5 18
12 7 15
12 12 16
12 14 15
12 15 16
12 20 17
12 24 16
12 25 15
12 26 19
12 27 14
12 28 17
12 29 20
12 34 18
12 35 19
12 36 16
12 37 12
12 42 17
12 44 18
12 47 19
12 48 17
13 1 18
13 3 12
13 5 14
13 8 12
13 9 13
13 12 14
13 13 12
13 17 14
13 18 19
13 20 18
13 21 19
13 23 12
13 26 13
13 27 13
13 29 19
13 30 18
13 33 14
13 35 12
13 36 16
13 38 16
13 41 20
13 43 16
13 44 17
13 47 14
13 48 18
13 49 16
14 2 16
14 3 11
14 4 17
14 6 20
14 9 17
14 10 12
14 11 20
14 12 20
14 17 13
14 19 13
14 21 14
14 22 18
14 24 11
14 28 14
14 29 18
14 39 18
14 43 20
14 47 20
14 48 12
15 2 18
15 3 13
15 4 20
15 9 20
15 11 17
15 13 11
15 14 16
15 16 15
15 17 17
15 18 15
15 20 17
15 22 16
15 23 11
15 24 20
15 25 13
15 26 17
15 28 11
15 32 19
15 34 19
15 37 11
15 39 13
15 41 19
15 42 20
15 43 12
15 45 14
15 46 14
15 47 12
16 1 19
16 3 18
16 4 19
16 5 11
16 6 18
16 8 18
16 9 13
16 10 16
16 12 14
16 13 13
16 15 12
16 22 17
16 23 20
16 24 14
16 26 14
16 29 11
16 31 12
16 33 13
16 34 14
16 37 14
16 39 11
16 41 11
16 42 19
16 43 12
16 47 20
16 48 13
16 49 15
17 4 20
17 5 13
17 6 14
17 7 13
17 10 11
17 11 19
17 15 18
17 16 14
17 19 16
17 20 11
17 21 14
17 24 16
17 26 14
17 29 15
17 30 18
17 31 11
17 33 19
17 35 15
17 39 20
17 40 18
17 42 19
17 43 17
17 48 14
18 1 12
18 3 20
18 6 12
18 7 17
18 10 17
18 11 15
18 12 18
18 13 11
18 14 20
18 16 16
18 23 14
18 25 15
18 31 12
18 33 20
18 35 17
18 39 11
18 41 14
18 46 20
18 49 17
19 1 19
19 3 12
19 5 14
19 8 17
19 9 19
19 10 17
19 12 17
19 14 12
19 18 11
19 22 14
19 25 18
19 28 11
19 30 11
19 35 12
19 36 12
19 39 14
19 43 18
19 45 20
19 47 17
19 49 13
20 1 16
20 4 15
20 6 14
20 7 18
20 8 11
20 9 19
20 11 15
20 14 20
20 15 12
20 17 11
20 19 17
20 20 12
20 21 15
20 23 18
20 24 14
20 25 18
20 26 12
20 31 13
20 33 11
20 35 14
20 36 13
20 38 13
20 39 13
20 44 20
20 46 12
20 47 16
20 49 18
21 1 14
21 2 14
21 3 17
21 5 11
21 6 14
21 7 19
21 9 16
21 14 11
21 16 20
21 17 19
21 21 16
21 22 11
21 24 11
21 27 19
21 29 16
21 30 17
21 32 14
21 33 13
21 34 17
21 35 18
21 37 14
21 38 17
21 39 13
21 40 11
21 42 19
21 44 13
21 46 16
21 47 18
22 8 13
22 9 19
22 11 11
22 13 12
22 15 17
22 17 12
22 23 11
22 25 11
22 27 17
22 28 12
22 31 16
22 34 16
22 35 19
22 37 20
22 38 19
22 39 16
22 41 16
22 44 16
22 45 11
22 48 12
22 49 20
22 50 15
23 7 20
23 8 20
23 11 16
23 14 18
23 15 14
23 18 13
23 20 14
23 21 12
23 22 20
23 23 12
23 25 11
23 27 16
23 28 20
23 29 20
23 32 16
23 33 15
23 35 20
23 37 19
23 38 18
23 39 20
23 40 18
23 41 19
23 43 18
23 45 13
23 46 15
23 47 20
23 48 14
23 49 16
24 7 12
24 9 15
24 13 12
24 14 18
24 18 12
24 21 17
24 26 20
24 28 19
24 29 18
24 30 17
24 31 18
24 32 14
24 34 17
24 38 12
24 40 19
24 41 11
24 43 17
24 45 16
24 46 19
24 49 16
25 1 18
25 2 13
25 7 17
25 8 15
25 11 12
25 13 15
25 16 17
25 19 12
25 21 15
25 22 14
25 23 20
25 24 12
25 26 16
25 27 18
25 28 20
25 29 18
25 30 14
25 31 13
25 32 15
25 33 16
25 34 16
25 35 12
25 36 13
25 37 15
25 39 19
25 42 12
25 43 13
25 49 15
25 50 14
26 2 16
26 3 11
26 7 16
26 14 15
26 20 12
26 21 16
26 22 13
26 24 16
26 25 11
26 28 20
26 31 20
26 32 13
26 34 19
26 35 14
26 36 17
26 37 14
26 39 14
26 40 20
26 42 18
26 43 18
26 44 19
26 48 19
27 1 14
27 3 12
27 4 18
27 6 13
27 9 12
27 10 14
27 12 20
27 14 20
27 18 11
27 19 14
27 20 11
27 21 19
27 23 14
27 24 15
27 25 11
27 27 11
27 29 11
27 30 15
27 31 19
27 32 11
27 36 11
27 38 12
27 39 14
27 41 11
27 42 11
27 43 19
27 44 11
27 47 13
27 48 13
27 49 20
28 2 14
28 6 14
28 8 14
28 10 17
28 11 12
28 12 15
28 16 18
28 17 13
28 18 17
28 20 14
28 21 13
28 22 16
28 28 14
28 29 15
28 34 16
28 35 11
28 36 17
28 37 20
28 38 14
28 39 16
28 41 11
28 45 18
28 46 14
28 47 12
29 2 17
29 6 16
29 7 20
29 10 17
29 11 17
29 12 18
29 13 15
29 14 11
29 15 20
29 18 16
29 19 14
29 20 11
29 22 17
29 24 16
29 25 12
29 27 20
29 30 13
29 31 16
29 32 13
29 33 14
29 34 20
29 35 14
29 36 15
29 41 20
29 47 15
29 50 12
30 1 20
30 3 17
30 5 17
30 8 14
30 10 19
30 11 20
30 13 14
30 14 17
30 16 14
30 25 13
30 27 16
30 28 15
30 30 18
30 31 13
30 34 18
30 35 19
30 37 18
30 39 16
30 41 19
30 42 15
30 43 13
30 46 19
31 1 12
31 4 16
31 6 20
31 7 19
31 8 20
31 9 18
31 10 18
31 11 14
31 13 20
31 15 16
31 18 16
31 19 17
31 20 14
31 25 19
31 27 18
31 28 16
31 29 12
31 33 18
31 37 11
31 39 11
31 40 12
31 41 11
31 42 18
31 43 16
31 45 15
31 49 11
31 50 12
32 4 14
32 5 18
32 6 14
32 7 12
32 9 16
32 12 16
32 13 19
32 14 12
32 17 16
32 18 19
32 23 17
32 25 16
32 28 14
32 31 14
32 37 12
32 38 17
32 39 19
32 43 20
32 45 19
32 48 19
32 49 13
33 1 18
33 4 13
33 6 18
33 7 19
33 11 11
33 15 20
33 16 14
33 17 17
33 19 13
33 21 15
33 22 13
33 24 18
33 29 17
33 30 15
33 33 18
33 34 16
33 35 15
33 38 17
33 40 15
33 41 12
33 42 12
33 44 13
33 46 14
33 49 18
34 2 15
34 4 19
34 6 14
34 10 19
34 11 11
34 12 17
34 13 11
34 14 18
34 15 13
34 18 14
34 19 19
34 20 19
34 21 14
34 22 17
34 23 20
34 24 17
34 25 13
34 26 13
34 27 20
34 30 13
34 33 13
34 34 20
34 37 14
34 38 15
34 39 13
34 49 16
35 3 13
35 5 16
35 6 19
35 8 11
35 9 19
35 10 19
35 11 15
35 13 20
35 14 20
35 15 20
35 17 17
35 19 17
35 20 19
35 21 20
35 22 20
35 25 14
35 26 18
35 30 19
35 32 20
35 33 16
35 35 18
35 37 14
35 38 13
35 39 20
35 40 14
35 42 15
35 46 17
35 47 13
35 48 14
35 50 19
36 1 16
36 4 19
36 8 11
36 9 11
36 10 15
36 11 14
36 12 15
36 13 20
36 15 20
36 16 15
36 20 13
36 22 13
36 26 13
36 30 18
36 31 16
36 32 17
36 33 20
36 35 13
36 36 16
36 39 15
36 40 18
36 42 13
36 44 20
36 48 11
36 49 12
36 50 17
37 2 20
37 5 11
37 6 12
37 7 16
37 8 14
37 13 20
37 18 16
37 21 20
37 23 18
37 26 19
37 28 17
37 29 19
37 33 12
37 34 12
37 35 11
37 36 15
37 38 13
37 41 12
37 43 20
37 44 17
37 49 14
38 2 16
38 4 18
38 7 11
38 9 15
38 11 11
38 12 16
38 15 13
38 18 19
38 20 12
38 22 11
38 23 12
38 28 20
38 30 20
38 32 19
38 33 12
38 36 17
38 37 11
38 38 12
38 40 18
38 43 17
38 50 13
39 3 14
39 6 15
39 7 20
39 11 16
39 15 19
39 16 19
39 17 12
39 19 17
39 20 20
39 21 11
39 23 18
39 25 20
39 26 12
39 27 15
39 32 12
39 33 16
39 36 12
39 39 11
39 41 16
39 42 17
39 44 16
39 47 18
40 1 16
40 5 14
40 7 14
40 10 18
40 11 19
40 12 12
40 15 19
40 16 15
40 17 16
40 21 14
40 24 16
40 25 13
40 26 14
40 27 13
40 30 19
40 34 18
40 37 16
40 39 20
40 45 16
40 47 16
40 48 18
41 2 11
41 3 11
41 4 17
41 11 13
41 12 13
41 13 11
41 20 11
41 21 19
41 24 20
41 25 17
41 26 15
41 33 14
41 34 16
41 35 17
41 36 16
41 38 11
41 39 16
41 40 17
41 43 19
41 44 13
41 45 20
41 46 15
42 1 16
42 3 15
42 4 20
42 6 14
42 10 12
42 11 18
42 12 15
42 13 15
42 14 17
42 16 19
42 17 11
42 18 20
42 22 15
42 23 16
42 24 20
42 26 16
42 31 14
42 34 20
42 35 12
42 36 17
42 37 14
42 40 18
42 46 18
42 48 16
42 50 19
43 1 15
43 4 17
43 8 15
43 9 15
43 11 11
43 12 17
43 13 14
43 15 20
43 20 13
43 22 19
43 25 13
43 27 13
43 28 14
43 31 16
43 33 12
43 35 16
43 37 12
43 38 19
43 39 18
43 44 11
43 45 17
43 47 11
43 49 12
43 50 15
44 1 14
44 2 19
44 3 12
44 4 13
44 8 14
44 9 15
44 11 18
44 13 17
44 16 20
44 19 20
44 21 20
44 24 20
44 25 19
44 29 16
44 31 14
44 37 12
44 39 12
44 41 11
44 42 20
44 43 15
44 45 19
44 46 20
44 47 15
44 48 13
44 49 16
44 50 20
45 1 15
45 3 17
45 5 20
45 8 12
45 10 17
45 12 16
45 15 16
45 16 16
45 18 14
45 20 14
45 23 11
45 24 12
45 25 17
45 28 12
45 29 11
45 31 18
45 34 16
45 36 14
45 38 13
45 39 20
45 40 12
45 44 19
45 45 17
45 47 14
45 48 12
45 49 19
45 50 13
46 1 13
46 3 14
46 4 15
46 5 12
46 6 18
46 8 16
46 9 16
46 12 19
46 14 14
46 15 11
46 17 11
46 18 20
46 19 15
46 20 17
46 23 13
46 26 15
46 29 18
46 32 17
46 33 16
46 34 15
46 36 15
46 37 19
46 38 20
46 47 15
46 50 20
47 1 15
47 2 20
47 4 16
47 5 18
47 6 15
47 7 13
47 8 15
47 11 11
47 12 12
47 13 17
47 14 15
47 15 19
47 16 20
47 19 20
47 21 18
47 22 18
47 23 19
47 25 15
47 26 18
47 27 14
47 29 18
47 34 20
47 40 11
47 41 18
47 43 18
47 45 18
47 47 13
47 49 12
48 3 20
48 5 11
48 6 18
48 8 13
48 9 13
48 11 13
48 13 18
48 14 16
48 15 11
48 17 14
48 18 15
48 19 16
48 21 15
48 23 11
48 26 12
48 29 15
48 32 20
48 33 18
48 34 12
48 35 20
48 37 19
48 39 19
48 40 14
48 43 11
48 45 19
48 46 11
48 47 14
48 50 19
49 1 16
49 2 11
49 3 15
49 4 17
49 7 14
49 10 20
49 12 16
49 13 12
49 17 14
49 18 15
49 21 18
49 23 20
49 24 12
49 25 13
49 28 12
49 30 20
49 31 17
49 35 17
49 36 18
49 37 18
49 38 16
49 41 15
49 42 19
49 44 14
49 45 17
49 46 17
49 47 17
49 50 11
50 3 14
50 4 19
50 5 20
50 7 16
50 8 18
50 9 12
50 10 11
50 12 13
50 16 19
50 19 13
50 20 15
50 22 14
50 23 19
50 25 14
50 26 12
50 28 15
50 30 18
50 31 12
50 33 15
50 34 16
50 37 20
50 38 18
50 39 16
50 40 20
50 41 13
50 43 19
50 44 12
50 45 19
50 46 11
50 47 14
50 49 20
70 2 4
33 7 43 15 
1 57 3
67 1 10
100 1987 5
48 45 73 65 19 
1 8 20
1 9 13
1 12 19
1 13 19
1 16 19
1 36 20
1 39 11
1 40 19
1 53 19
1 57 11
1 60 14
1 65 2
1 67 16
1 77 18
1 92 18
1 95 17
2 5 15
2 8 13
2 9 17
2 11 12
2 22 14
2 23 11
2 24 14
2 31 20
2 48 16
2 58 13
2 60 11
2 62 12
2 63 20
2 70 13
2 71 17
2 75 11
2 78 15
2 79 20
2 80 13
2 86 14
2 94 16
2 96 16
2 97 19
3 2 11
3 6 14
3 10 12
3 17 18
3 18 15
3 20 16
3 22 13
3 24 16
3 33 12
3 41 20
3 43 16
3 46 18
3 48 12
3 49 17
3 64 13
3 72 19
3 79 16
3 83 17
3 85 15
3 96 16
3 97 14
3 98 20
4 3 14
4 4 14
4 7 13
4 10 12
4 14 20
4 20 20
4 21 11
4 23 12
4 25 17
4 26 18
4 44 20
4 49 15
4 60 12
4 62 14
4 67 17
4 72 13
4 74 20
4 80 12
4 88 18
4 90 19
5 3 14
5 12 11
5 15 17
5 18 17
5 27 19
5 30 13
5 46 12
5 62 19
5 82 16
5 85 20
5 96 12
5 99 17
5 100 13
6 2 12
6 4 19
6 7 18
6 15 19
6 22 17
6 29 18
6 34 15
6 36 14
6 43 13
6 49 14
6 50 13
6 60 20
6 70 15
6 75 14
6 78 16
6 84 18
6 89 11
7 5 17
7 7 18
7 11 20
7 22 18
7 28 15
7 37 20
7 39 20
7 43 18
7 45 16
7 53 11
7 68 12
7 77 19
7 84 15
7 89 18
7 90 18
7 92 15
7 95 12
7 96 11
7 100 12
8 8 14
8 13 17
8 23 17
8 27 11
8 29 13
8 32 15
8 35 17
8 39 11
8 40 19
8 56 19
8 59 12
8 68 12
8 72 17
8 75 20
8 89 11
8 90 15
8 93 20
9 14 17
9 15 15
9 37 13
9 40 16
9 47 17
9 49 14
9 50 13
9 52 11
9 54 19
9 57 19
9 62 17
9 70 16
9 73 12
9 76 18
9 81 16
9 82 11
9 83 16
9 86 17
9 91 12
9 93 12
10 1 17
10 3 13
10 4 20
10 16 11
10 21 12
10 29 18
10 33 18
10 37 11
10 40 14
10 49 11
10 56 17
10 64 14
10 67 13
10 68 20
10 71 12
10 75 19
10 76 17
10 78 19
10 90 20
11 4 12
11 6 12
11 14 18
11 16 15
11 18 11
11 20 15
11 21 17
11 26 11
11 27 19
11 34 11
11 36 16
11 46 12
11 49 14
11 54 15
11 58 20
11 61 11
11 62 15
11 66 20
11 72 16
11 74 20
11 75 17
11 88 12
11 92 15
12 2 18
12 9 13
12 10 20
12 11 17
12 15 12
12 23 17
12 26 17
12 27 12
12 32 14
12 40 18
12 42 11
12 43 19
12 57 15
12 60 16
12 71 19
12 79 11
12 85 13
12 91 18
13 9 17
13 15 13
13 21 18
13 22 15
13 32 14
13 33 14
13 35 16
13 39 18
13 59 20
13 61 13
13 62 15
13 63 18
13 65 17
13 67 18
13 85 16
13 88 11
13 92 15
13 97 14
13 100 18
14 10 16
14 11 19
14 15 14
14 19 11
14 23 17
14 33 14
14 36 11
14 45 13
14 47 19
14 48 20
14 50 13
14 53 18
14 55 15
14 63 20
14 68 15
14 69 14
14 70 13
14 75 15
14 77 15
14 80 20
14 84 13
14 85 12
14 87 20
14 91 14
14 94 20
14 96 11
14 99 12
15 2 20
15 3 16
15 11 19
15 12 11
15 14 16
15 19 20
15 27 18
15 30 19
15 35 19
15 36 17
15 39 13
15 44 18
15 54 18
15 57 17
15 65 16
15 68 12
15 70 16
15 79 15
15 80 15
15 81 19
15 82 12
15 87 20
15 93 20
16 7 20
16 13 13
16 15 11
16 16 17
16 22 20
16 34 17
16 37 19
16 38 16
16 39 19
16 61 20
16 68 15
16 81 20
16 82 15
16 90 12
16 92 12
16 95 20
16 97 16
16 98 11
17 1 18
17 32 20
17 33 20
17 35 17
17 41 18
17 48 13
17 51 11
17 63 13
17 68 12
17 70 18
17 72 16
17 78 19
17 89 13
17 90 12
17 92 17
17 96 13
18 3 15
18 7 18
18 14 19
18 18 20
18 23 12
18 28 13
18 29 11
18 57 12
18 70 12
18 77 17
18 82 18
18 86 16
18 100 15
19 1 15
19 3 12
19 7 13
19 8 18
19 9 13
19 24 18
19 25 19
19 29 13
19 30 18
19 47 20
19 48 11
19 49 19
19 57 16
19 58 14
19 60 15
19 63 12
19 75 15
19 86 12
19 87 16
19 88 17
19 93 12
20 3 20
20 8 15
20 10 18
20 11 13
20 14 20
20 27 16
20 33 11
20 36 14
20 37 17
20 42 14
20 44 13
20 56 19
20 62 11
20 63 13
20 65 11
20 67 16
20 71 12
20 72 17
20 73 19
20 80 19
20 85 17
20 93 15
20 98 19
21 3 17
21 4 18
21 10 11
21 13 12
21 16 12
21 33 18
21 39 14
21 45 18
21 57 15
21 59 11
21 64 15
21 73 16
21 79 19
21 81 16
21 84 12
21 97 12
21 100 13
22 7 18
22 9 14
22 11 19
22 13 17
22 15 13
22 18 15
22 21 18
22 23 11
22 25 16
22 31 14
22 34 17
22 35 18
22 39 19
22 40 15
22 41 16
22 42 17
22 43 14
22 47 12
22 49 20
22 54 11
22 57 15
22 65 11
22 74 15
22 75 20
22 77 13
22 81 14
22 86 11
22 91 16
23 7 16
23 8 15
23 15 15
23 17 20
23 26 18
23 27 14
23 33 11
23 34 19
23 46 19
23 49 14
23 52 15
23 85 14
23 87 15
23 90 14
23 91 20
23 92 15
24 12 12
24 15 11
24 17 14
24 19 20
24 24 11
24 29 11
24 35 20
24 38 15
24 39 19
24 45 15
24 48 12
24 56 11
24 57 19
24 58 16
24 65 15
24 66 20
24 71 19
24 74 17
24 75 17
24 76 17
24 95 18
24 97 14
24 99 13
25 3 13
25 4 14
25 9 16
25 15 19
25 17 19
25 23 15
25 26 16
25 27 15
25 30 14
25 43 20
25 53 11
25 54 18
25 64 19
25 71 18
25 73 18
25 79 11
25 80 15
25 82 14
26 1 1
26 4 11
26 5 12
26 21 19
26 24 19
26 30 17
26 36 11
26 39 19
26 40 18
26 43 18
26 45 20
26 47 18
26 63 19
26 66 15
26 68 16
26 76 18
26 84 18
26 99 18
27 5 20
27 15 12
27 20 13
27 23 14
27 41 19
27 44 19
27 49 16
27 54 18
27 64 19
27 68 12
27 85 13
27 86 19
27 93 19
27 96 12
28 2 12
28 3 19
28 5 13
28 9 19
28 12 18
28 18 15
28 20 16
28 23 19
28 25 16
28 31 17
28 40 20
28 50 18
28 54 19
28 56 11
28 60 16
28 70 11
28 77 20
28 79 12
28 83 13
28 84 16
28 92 12
28 94 16
28 96 20
28 97 17
28 98 16
29 2 17
29 4 18
29 10 14
29 11 12
29 14 12
29 21 20
29 24 12
29 27 14
29 29 19
29 33 15
29 39 12
29 43 13
29 45 18
29 49 15
29 54 12
29 57 13
29 62 17
29 63 14
29 70 18
29 76 11
29 79 19
29 83 19
29 84 11
29 89 11
29 95 19
30 2 16
30 4 15
30 6 17
30 7 12
30 16 16
30 21 18
30 27 14
30 34 16
30 38 19
30 39 18
30 40 11
30 44 11
30 45 11
30 46 12
30 52 14
30 54 11
30 56 13
30 59 12
30 61 14
30 63 12
30 66 14
30 73 19
30 81 14
30 94 14
30 99 11
30 100 17
31 2 15
31 4 19
31 21 14
31 22 13
31 24 14
31 26 15
31 29 12
31 36 15
31 43 14
31 55 20
31 56 14
31 57 11
31 66 17
31 67 19
31 73 13
31 78 12
31 81 13
31 92 17
31 98 13
31 99 15
32 8 14
32 13 20
32 19 14
32 21 13
32 23 16
32 26 18
32 28 13
32 29 17
32 30 19
32 31 15
32 34 11
32 44 12
32 45 12
32 46 14
32 64 19
32 65 11
32 68 14
32 71 14
32 78 15
32 83 16
32 98 19
32 99 19
33 1 13
33 6 16
33 9 20
33 14 15
33 20 19
33 24 16
33 27 12
33 31 12
33 34 15
33 38 13
33 46 17
33 51 11
33 54 15
33 60 16
33 61 16
33 62 20
33 66 18
33 70 19
33 72 12
33 97 18
33 98 14
33 99 12
34 2 13
34 3 12
34 10 18
34 12 14
34 14 19
34 20 11
34 35 14
34 36 11
34 42 19
34 45 12
34 60 20
34 63 11
34 66 17
34 70 20
34 71 11
34 75 16
34 77 19
34 78 16
34 79 18
34 83 20
34 85 16
34 89 11
34 98 16
35 1 19
35 2 11
35 7 20
35 13 18
35 14 11
35 18 13
35 22 11
35 24 16
35 28 14
35 29 17
35 33 16
35 37 15
35 44 19
35 52 18
35 58 19
35 63 11
35 68 11
35 74 17
35 77 11
35 80 16
35 82 17
35 84 12
35 87 19
36 3 19
36 8 20
36 10 13
36 18 18
36 20 20
36 28 15
36 32 13
36 36 16
36 41 17
36 42 11
36 43 15
36 50 20
36 52 16
36 55 20
36 56 16
36 65 16
36 67 11
36 72 15
36 75 12
36 79 17
36 81 19
36 82 20
36 99 14
37 1 16
37 6 19
37 15 14
37 22 15
37 25 14
37 46 14
37 59 11
37 61 15
37 63 16
37 64 16
37 66 13
37 70 19
37 73 13
37 75 16
37 78 20
37 79 12
37 81 20
37 82 20
37 90 11
37 92 16
37 100 13
38 1 14
38 2 16
38 3 18
38 9 14
38 13 17
38 17 19
38 18 18
38 19 20
38 34 12
38 38 20
38 39 20
38 44 12
38 45 15
38 52 14
38 58 11
38 61 19
38 63 11
38 66 20
38 71 13
38 83 15
38 90 19
38 100 20
39 3 16
39 5 17
39 7 19
39 21 17
39 25 16
39 35 13
39 40 11
39 65 14
39 67 11
39 71 17
39 78 17
39 80 15
39 82 18
39 83 11
39 91 17
39 93 17
39 95 19
40 5 15
40 6 17
40 21 19
40 33 15
40 35 11
40 36 11
40 39 14
40 46 12
40 55 13
40 57 16
40 62 13
40 64 16
40 71 13
40 81 14
40 85 11
40 89 19
40 96 20
41 9 13
41 15 16
41 28 16
41 33 15
41 43 19
41 47 14
41 51 19
41 53 15
41 60 16
41 61 20
41 62 13
41 64 19
41 68 19
41 73 19
41 75 15
41 85 13
41 87 11
41 93 13
41 94 18
41 95 20
42 6 12
42 11 19
42 19 16
42 31 14
42 33 19
42 39 19
42 40 18
42 42 14
42 46 13
42 47 20
42 54 16
42 55 13
42 60 20
42 64 18
42 66 13
42 72 19
42 73 12
42 79 19
42 90 13
42 94 13
43 5 18
43 10 15
43 17 11
43 19 16
43 22 18
43 27 15
43 30 11
43 32 19
43 37 12
43 44 14
43 48 11
43 51 11
43 56 15
43 60 19
43 70 20
43 74 13
43 81 19
43 85 14
43 86 12
43 89 17
43 94 17
44 2 16
44 3 12
44 14 13
44 21 20
44 26 12
44 27 15
44 29 13
44 31 13
44 35 17
44 49 15
44 57 18
44 59 12
44 64 11
44 68 20
44 70 16
44 73 15
44 74 13
44 86 11
44 87 18
44 92 11
44 93 11
44 94 15
44 99 11
45 7 16
45 11 19
45 13 19
45 23 15
45 27 12
45 32 14
45 36 16
45 41 20
45 55 13
45 63 14
45 64 17
45 67 17
45 69 11
45 72 11
45 73 20
45 74 19
45 79 19
45 83 15
45 85 12
45 89 11
45 95 11
45 98 12
45 99 12
46 5 17
46 6 12
46 15 19
46 17 16
46 36 11
46 38 14
46 41 17
46 46 11
46 47 15
46 53 16
46 65 14
46 66 13
46 72 18
46 88 11
46 91 16
46 93 12
46 97 14
46 98 14
47 1 20
47 11 18
47 20 20
47 22 18
47 26 11
47 30 13
47 33 19
47 42 20
47 46 13
47 47 14
47 50 17
47 54 18
47 56 11
47 58 12
47 63 16
47 71 13
47 73 13
47 82 16
47 84 17
47 92 17
47 95 14
47 96 18
48 6 14
48 7 16
48 14 17
48 25 17
48 32 11
48 33 20
48 34 15
48 38 19
48 47 18
48 48 16
48 52 17
48 56 16
48 58 17
48 65 20
48 66 13
48 67 15
48 71 15
48 73 19
48 74 13
48 77 18
48 79 20
48 86 18
48 98 13
49 1 12
49 3 14
49 11 19
49 12 17
49 24 18
49 25 15
49 32 14
49 36 11
49 51 19
49 53 15
49 61 15
49 63 13
49 76 14
49 77 20
49 78 15
49 83 15
49 84 19
49 97 16
49 98 12
49 99 17
50 6 15
50 8 20
50 18 15
50 23 20
50 38 19
50 43 16
50 47 19
50 72 17
50 75 11
50 77 15
50 78 19
50 80 20
50 81 19
50 95 17
50 97 14
50 99 14
51 1 17
51 2 12
51 7 20
51 15 16
51 25 15
51 33 18
51 58 17
51 63 13
51 64 15
51 74 17
51 76 19
51 91 20
51 92 18
51 94 18
51 96 14
51 100 13
52 5 13
52 8 16
52 10 11
52 12 13
52 17 18
52 22 20
52 23 19
52 25 19
52 29 20
52 30 20
52 35 18
52 39 12
52 41 18
52 46 15
52 48 14
52 52 14
52 61 16
52 77 14
52 85 11
52 89 18
52 97 15
53 6 11
53 10 18
53 12 11
53 16 11
53 22 20
53 34 11
53 36 20
53 37 11
53 43 15
53 45 19
53 52 16
53 54 15
53 61 15
53 65 16
53 73 16
53 75 18
53 77 18
53 79 13
53 81 17
53 85 14
53 95 20
54 7 20
54 24 14
54 26 18
54 28 16
54 43 20
54 46 11
54 48 13
54 52 17
54 53 14
54 59 17
54 72 17
54 76 11
54 88 14
54 94 13
55 5 15
55 18 14
55 22 18
55 26 12
55 32 13
55 39 19
55 44 12
55 53 11
55 69 11
55 76 18
55 78 20
55 80 20
55 82 17
55 84 11
55 93 12
55 100 13
56 2 16
56 8 15
56 15 16
56 18 17
56 19 12
56 23 16
56 30 17
56 33 16
56 37 19
56 39 19
56 44 14
56 49 12
56 56 16
56 63 14
56 66 15
56 67 18
56 68 11
56 69 14
56 72 20
56 74 17
56 76 13
56 79 20
56 87 19
56 88 16
56 89 17
56 95 12
57 2 17
57 6 18
57 8 14
57 12 13
57 16 16
57 28 13
57 30 15
57 31 13
57 38 14
57 39 16
57 47 11
57 48 17
57 54 15
57 56 12
57 57 19
57 61 12
57 62 17
57 64 17
57 66 17
57 69 13
57 83 18
57 85 18
57 86 16
57 87 20
57 89 13
57 93 18
58 2 14
58 6 20
58 16 17
58 18 11
58 23 14
58 38 19
58 39 17
58 42 12
58 46 17
58 48 19
58 64 11
58 65 17
58 67 16
58 72 19
58 74 20
58 77 19
58 81 16
58 82 19
58 84 15
58 96 19
58 100 18
59 4 15
59 5 17
59 8 18
59 12 20
59 19 16
59 24 13
59 25 14
59 27 18
59 30 14
59 35 18
59 50 19
59 57 20
59 64 20
59 65 13
59 72 13
59 74 13
59 80 18
59 83 14
59 85 13
59 86 19
59 87 15
59 91 17
59 92 12
59 94 11
59 95 17
60 2 20
60 7 17
60 10 13
60 14 20
60 17 12
60 20 14
60 25 13
60 32 20
60 37 17
60 40 11
60 47 18
60 49 12
60 53 14
60 63 19
60 79 17
60 82 20
60 93 15
60 99 14
61 12 17
61 18 16
61 22 19
61 27 16
61 33 12
61 36 14
61 37 12
61 40 18
61 44 12
61 46 20
61 49 19
61 55 11
61 62 12
61 66 11
61 72 13
61 79 15
61 93 15
61 94 14
61 96 16
61 97 19
61 99 19
61 100 17
62 5 16
62 12 11
62 13 15
62 17 17
62 27 16
62 35 16
62 40 16
62 42 18
62 56 12
62 69 20
62 72 13
62 80 20
62 85 12
62 96 13
63 1 14
63 10 20
63 18 19
63 29 16
63 31 18
63 33 13
63 34 12
63 41 20
63 49 15
63 52 16
63 54 13
63 56 19
63 66 14
63 67 11
63 71 20
63 72 15
63 78 20
63 100 20
64 1 13
64 10 20
64 12 14
64 17 19
64 27 16
64 29 11
64 39 19
64 42 12
64 53 14
64 55 16
64 57 14
64 60 18
64 63 15
64 71 20
64 75 11
64 82 11
64 94 11
64 96 20
65 11 19
65 14 15
65 15 19
65 16 11
65 20 15
65 22 19
65 23 17
65 30 16
65 31 18
65 35 17
65 42 15
65 62 13
65 67 18
65 71 20
65 74 17
65 76 13
65 80 13
65 81 16
65 82 15
65 88 12
65 89 14
65 95 19
65 100 13
66 3 16
66 5 13
66 7 11
66 8 15
66 9 19
66 10 18
66 13 20
66 18 17
66 21 11
66 31 12
66 40 19
66 46 14
66 53 15
66 55 14
66 58 15
66 64 16
66 75 17
66 85 17
66 88 13
66 90 16
66 92 19
66 94 15
66 95 17
66 96 12
66 100 13
67 17 15
67 19 14
67 23 13
67 33 17
67 34 14
67 41 11
67 56 12
67 57 20
67 59 16
67 61 11
67 69 20
67 74 13
67 77 15
67 81 13
67 93 11
67 94 14
68 2 11
68 12 14
68 22 14
68 25 12
68 26 11
68 36 13
68 39 20
68 40 19
68 43 12
68 53 11
68 54 16
68 55 13
68 56 17
68 58 19
68 60 19
68 64 14
68 67 19
68 87 13
68 95 13
68 97 15
68 100 15
69 15 12
69 25 16
69 31 11
69 35 17
69 37 19
69 38 13
69 39 12
69 41 11
69 53 17
69 58 11
69 63 14
69 64 14
69 65 13
69 68 12
69 71 15
69 72 20
69 74 12
69 78 18
69 81 17
69 97 17
70 6 12
70 15 19
70 19 14
70 20 18
70 21 11
70 22 20
70 37 16
70 49 17
70 53 16
70 64 15
70 69 17
70 72 20
70 74 15
70 77 15
70 83 12
70 89 17
71 4 12
71 15 19
71 23 18
71 25 18
71 28 15
71 34 13
71 35 11
71 38 18
71 39 11
71 47 18
71 49 19
71 51 20
71 63 20
71 68 19
71 84 16
71 88 12
71 93 12
71 95 11
71 96 18
72 4 15
72 8 19
72 15 13
72 36 20
72 39 18
72 40 12
72 43 19
72 48 20
72 50 15
72 51 15
72 56 12
72 60 13
72 63 14
72 68 18
72 79 14
72 84 16
72 90 12
72 92 18
72 94 17
72 95 16
73 4 16
73 23 14
73 27 17
73 31 11
73 33 14
73 36 14
73 46 17
73 48 19
73 49 12
73 52 20
73 55 13
73 58 17
73 62 15
73 71 20
73 73 12
73 95 20
74 10 18
74 11 19
74 20 20
74 29 14
74 33 20
74 34 18
74 38 17
74 40 17
74 43 14
74 46 17
74 53 18
74 56 14
74 60 11
74 61 19
74 68 13
74 71 16
74 73 16
74 76 12
74 80 12
74 89 16
74 90 12
75 2 19
75 5 17
75 8 18
75 22 17
75 25 18
75 29 19
75 35 11
75 40 13
75 46 12
75 51 14
75 54 17
75 55 19
75 59 13
75 69 20
75 81 20
75 86 16
75 88 14
75 89 17
75 90 11
75 91 20
75 97 11
75 99 16
75 100 16
76 6 11
76 10 12
76 11 19
76 12 12
76 14 14
76 18 20
76 20 18
76 24 16
76 25 20
76 26 12
76 29 14
76 36 13
76 46 19
76 60 16
76 62 18
76 77 18
76 88 17
76 98 11
76 99 12
77 4 15
77 8 17
77 12 16
77 20 16
77 25 20
77 28 11
77 39 19
77 41 11
77 65 14
77 66 17
77 73 16
77 74 18
77 80 13
77 93 18
77 96 12
77 99 17
78 8 11
78 15 15
78 16 11
78 23 19
78 24 18
78 30 19
78 33 19
78 49 19
78 52 12
78 60 16
78 66 16
78 81 13
78 98 15
79 2 14
79 4 20
79 12 17
79 28 18
79 30 13
79 35 12
79 37 19
79 40 20
79 44 12
79 47 12
79 48 15
79 49 19
79 50 15
79 54 15
79 56 15
79 57 16
79 62 13
79 70 11
79 74 17
79 78 12
79 79 12
79 80 20
79 85 20
79 89 12
79 92 12
80 2 11
80 5 15
80 10 16
80 15 20
80 16 20
80 21 13
80 24 12
80 27 12
80 32 14
80 37 14
80 45 16
80 49 20
80 50 19
80 55 18
80 65 13
80 68 15
80 70 14
80 72 16
80 77 16
80 78 14
80 96 14
80 97 18
80 100 16
81 2 12
81 5 14
81 10 12
81 22 14
81 23 19
81 25 16
81 29 20
81 43 12
81 47 20
81 48 12
81 60 12
81 69 11
81 71 12
81 72 12
81 75 18
81 83 19
81 84 13
81 98 16
82 6 15
82 41 15
82 44 18
82 46 15
82 48 16
82 54 15
82 55 20
82 57 17
82 62 18
82 66 18
82 68 19
82 73 19
82 76 16
82 81 17
82 95 12
82 100 16
83 7 12
83 8 11
83 11 16
83 14 15
83 16 12
83 24 11
83 33 18
83 34 20
83 42 15
83 65 12
83 70 19
83 75 13
83 78 19
83 83 13
83 95 12
84 4 20
84 19 15
84 20 20
84 28 20
84 42 18
84 46 15
84 50 18
84 53 19
84 56 18
84 57 15
84 60 12
84 61 17
84 79 11
84 81 14
84 91 18
84 93 18
84 95 16
85 12 14
85 37 12
85 41 17
85 42 12
85 43 19
85 46 20
85 49 11
85 50 11
85 53 14
85 62 11
85 65 18
85 77 14
85 79 15
85 81 11
85 84 14
85 98 20
86 18 17
86 20 16
86 23 11
86 25 12
86 26 13
86 28 18
86 29 16
86 33 16
86 36 20
86 42 18
86 47 11
86 51 12
86 60 14
86 62 12
86 64 15
86 66 16
86 69 20
86 71 19
86 73 14
86 76 17
86 77 12
86 79 12
86 91 12
86 97 14
87 2 13
87 5 14
87 13 19
87 15 20
87 19 13
87 31 11
87 32 16
87 47 20
87 52 19
87 60 19
87 73 13
87 82 14
87 88 13
87 93 13
87 97 15
87 98 15
88 1 11
88 11 20
88 17 11
88 19 12
88 47 16
88 51 19
88 54 18
88 56 15
88 59 20
88 63 12
88 69 16
88 71 16
88 72 12
88 74 16
88 75 16
88 80 19
88 85 13
88 93 18
89 1 13
89 2 18
89 8 15
89 10 13
89 26 11
89 40 16
89 50 19
89 53 11
89 62 20
89 71 19
89 76 17
89 79 14
89 89 18
89 94 14
89 97 11
90 8 15
90 10 19
90 29 20
90 36 13
90 39 19
90 41 15
90 47 14
90 51 16
90 53 18
90 54 18
90 57 14
90 66 14
90 70 13
90 71 19
90 86 19
90 93 13
90 99 19
90 100 13
91 3 20
91 5 11
91 11 19
91 14 15
91 19 11
91 34 16
91 36 13
91 52 15
91 53 15
91 59 15
91 60 18
91 78 12
91 86 20
91 94 20
92 8 14
92 9 13
92 11 12
92 19 11
92 24 15
92 34 15
92 36 16
92 39 12
92 42 20
92 44 14
92 51 20
92 52 16
92 54 14
92 55 12
92 64 17
92 67 18
92 69 14
92 71 16
92 74 16
92 82 14
92 85 16
92 89 16
92 93 18
92 99 16
93 10 12
93 12 18
93 14 16
93 17 12
93 18 17
93 30 12
93 34 20
93 37 15
93 41 13
93 49 11
93 52 16
93 53 16
93 58 17
93 62 19
93 67 11
93 69 17
93 70 15
93 74 14
93 76 19
93 78 18
93 82 11
93 84 18
93 87 11
93 92 19
93 100 17
94 7 13
94 15 14
94 19 18
94 22 15
94 27 15
94 29 12
94 38 20
94 42 19
94 47 11
94 52 17
94 57 15
94 58 12
94 59 20
94 61 16
94 62 11
94 64 18
94 66 17
94 68 11
94 72 12
94 74 18
94 77 12
94 84 20
94 87 19
94 91 11
94 93 11
94 96 12
95 4 12
95 13 19
95 19 11
95 26 19
95 29 19
95 36 15
95 41 16
95 47 14
95 48 19
95 54 17
95 57 13
95 58 17
95 61 12
95 64 11
95 67 16
95 71 15
95 76 15
95 77 15
95 83 15
95 85 20
95 87 14
95 91 16
95 99 18
95 100 17
96 4 19
96 10 14
96 17 20
96 21 16
96 29 13
96 30 18
96 37 20
96 39 12
96 40 17
96 44 13
96 47 12
96 51 13
96 59 19
96 66 18
96 68 11
96 73 15
96 74 15
96 79 15
96 83 12
96 92 15
96 97 12
97 1 11
97 8 13
97 10 14
97 15 19
97 21 12
97 24 12
97 25 14
97 30 20
97 31 13
97 32 12
97 33 12
97 36 15
97 43 16
97 44 17
97 46 11
97 48 18
97 53 12
97 56 17
97 63 15
97 66 20
97 72 20
97 84 13
97 85 16
97 99 12
98 4 15
98 10 20
98 14 14
98 23 18
98 27 14
98 29 16
98 35 14
98 39 17
98 43 11
98 48 20
98 52 14
98 60 11
98 61 14
98 78 11
98 92 12
98 95 13
98 100 13
99 3 17
99 8 12
99 9 14
99 12 14
99 22 16
99 24 14
99 28 16
99 41 20
99 46 11
99 61 12
99 64 12
99 69 18
99 79 15
99 80 11
99 81 20
99 84 12
99 87 17
99 88 17
99 90 20
99 91 17
99 97 16
100 7 18
100 9 15
100 14 17
100 24 15
100 29 20
100 35 11
100 37 15
100 42 20
100 53 13
100 63 17
100 88 14
100 92 16
100 99 15