10
5
1 1 3 6 8
1 2 2 5 5
4 4 0 3 3
8 0 2 3 4
4 3 0 2 1
5
99 85 38 22 55
89 28 33 3 65
99 20 14 67 90
36 27 28 77 31
50 45 12 9 14
2
92 83
19 91
5
61 49 32 34 28
100 65 0 10 89
34 99 40 86 4
10 97 49 21 30
95 33 79 51 65
2
17 60
94 27
61
69 89 59 92 41 49 94 26 0 27 56 3 22 52 29 43 30 68 21 80 93 17 19 39 66 95 56 39 15 2 91 46 61 92 90 57 9 75 79 67 47 73 76 2 8 27 69 36 12 98 28 89 18 83 92 88 13 84 22 51 18 
1 46 96 7 24 93 6 84 30 3 75 67 90 68 34 53 61 12 1 69 74 49 10 53 34 4 58 55 88 83 82 35 38 69 91 88 73 35 61 1 23 47 95 47 98 47 98 98 76 85 58 37 19 3 61 48 31 2 49 68 36 
35 63 33 18 70 41 64 62 20 77 38 8 37 35 21 50 53 54 30 67 5 52 98 29 14 84 34 48 56 100 11 89 78 46 96 9 78 89 48 5 82 14 99 85 83 97 36 12 2 8 18 27 48 13 21 18 31 92 35 51 42 
35 22 42 66 95 21 5 93 99 26 8 45 84 45 59 57 83 23 36 76 89 76 8 69 56 86 16 54 28 49 86 20 66 95 47 48 81 63 61 20 70 32 94 37 86 58 5 32 60 60 77 6 14 25 30 91 90 52 51 56 24 
14 62 1 83 22 39 10 17 70 88 82 13 48 54 55 47 74 86 41 17 16 8 39 87 30 21 43 25 36 5 37 2 9 50 54 90 31 48 6 22 68 91 60 81 52 96 94 52 44 35 96 28 45 10 87 22 9 13 13 89 75 
95 14 77 44 5 66 18 39 12 18 84 54 28 31 82 24 27 33 47 45 43 86 50 24 85 2 57 74 38 50 85 59 52 34 36 76 79 10 46 72 45 46 63 85 25 63 38 9 58 74 59 44 30 6 63 22 86 8 28 1 68 
18 78 91 75 97 20 24 80 67 44 66 36 58 65 86 23 31 81 22 100 37 64 75 52 38 40 64 43 1 7 35 63 9 23 37 3 34 20 37 98 85 80 40 41 100 76 81 67 35 10 93 36 92 71 12 7 84 30 70 23 26 
62 55 98 60 15 18 64 29 94 65 75 92 54 49 3 73 98 83 55 70 23 75 85 61 77 80 34 89 67 52 29 85 41 65 59 93 10 83 78 95 7 10 34 22 99 1 67 28 64 74 22 88 47 100 3 26 53 67 38 56 88 
86 35 14 61 4 89 82 13 83 66 85 69 88 64 84 35 65 48 36 6 68 66 59 12 96 0 92 58 4 16 14 89 7 86 76 5 59 0 23 32 49 24 44 81 67 20 78 25 30 9 34 73 3 90 19 43 47 58 64 11 17 
83 39 15 82 72 31 2 30 39 29 89 87 24 48 13 45 87 65 59 39 20 88 97 21 64 80 5 91 82 96 15 8 79 26 58 6 70 2 41 47 82 76 84 8 83 13 37 17 20 73 30 96 12 63 87 37 10 30 54 13 14 
50 48 78 96 68 17 3 17 32 97 64 15 31 100 20 94 43 74 2 89 25 7 38 68 71 100 95 86 96 20 58 91 90 44 81 74 27 69 65 63 39 44 69 51 0 64 13 63 26 43 61 19 41 72 76 23 1 93 19 76 95 
45 63 30 55 54 80 19 27 9 7 46 89 97 39 59 60 52 46 65 86 20 12 86 25 46 40 21 89 75 84 77 47 52 76 81 5 50 8 29 5 89 14 79 16 3 13 99 1 81 56 81 42 62 44 31 31 84 67 67 66 92 
72 23 51 57 1 49 72 83 98 0 6 32 98 38 81 44 15 67 69 51 62 49 57 79 77 27 70 63 71 26 87 44 91 38 78 92 23 93 84 45 38 13 51 83 33 52 50 78 78 14 41 96 10 31 98 100 29 75 6 92 75 
83 9 80 49 61 95 32 93 34 0 93 13 34 72 57 57 91 30 61 38 47 65 59 34 59 40 60 37 6 61 63 65 16 31 78 11 65 18 65 56 99 19 66 100 57 93 35 4 29 30 79 54 57 8 80 49 68 2 78 8 63 
63 18 74 84 0 79 92 83 86 67 57 4 92 74 99 65 72 84 67 77 87 47 57 76 100 65 42 38 44 46 22 37 17 21 82 87 39 6 18 67 59 94 70 83 5 10 14 0 30 90 32 10 40 38 39 90 6 6 63 23 95 
63 13 60 46 51 20 73 78 98 3 75 53 61 39 83 54 66 87 13 66 25 46 8 100 93 61 77 52 19 66 60 89 97 54 53 52 62 52 26 70 27 95 97 18 24 62 36 64 72 70 30 95 86 47 54 57 70 5 73 62 26 
26 16 88 92 54 92 52 68 57 87 44 78 50 11 59 44 94 10 78 5 40 93 8 95 62 13 91 82 13 60 77 26 77 9 15 86 43 99 2 61 37 69 45 100 36 17 99 40 79 85 34 32 11 83 58 83 76 4 86 22 63 
14 72 42 10 45 76 18 78 16 91 83 11 97 7 45 51 84 84 44 97 85 92 100 10 55 59 3 23 47 46 62 74 49 1 94 77 62 87 29 82 11 24 5 69 44 20 1 32 48 68 66 27 72 26 11 99 92 11 47 27 9 
16 56 43 44 94 37 16 10 28 49 83 88 10 88 84 31 20 99 30 8 36 32 51 89 37 48 18 56 21 98 28 23 2 32 82 72 89 41 73 18 11 2 92 30 43 50 87 47 52 74 88 50 5 0 76 98 92 4 16 41 95 
57 48 36 70 13 46 15 6 59 51 34 50 79 34 3 75 54 93 67 43 81 95 39 63 41 84 7 41 3 97 16 35 8 52 69 94 26 32 72 87 34 97 29 31 82 91 28 61 96 23 34 24 94 87 84 27 41 6 89 55 55 
80 1 51 10 88 69 4 79 7 94 55 72 74 30 90 10 66 24 66 51 85 30 63 53 68 28 2 29 33 82 77 77 24 73 62 36 8 74 78 17 68 77 38 76 100 52 98 84 63 68 93 89 4 79 33 70 60 50 87 97 5 
56 8 73 61 96 13 10 75 39 82 97 61 47 25 55 50 65 80 2 2 37 86 36 61 70 42 42 9 19 47 74 95 36 49 14 49 89 31 87 50 69 73 19 8 68 18 56 88 89 67 19 47 86 22 19 36 19 90 63 7 30 
49 27 4 41 90 20 79 18 42 57 100 82 88 56 92 14 35 35 22 54 70 43 82 91 6 54 32 48 84 6 44 60 82 24 91 16 5 24 37 55 40 37 52 18 39 42 99 61 92 59 30 60 0 19 16 2 54 40 32 63 57 
2 8 40 37 77 40 95 93 87 9 21 54 50 33 42 16 50 45 76 34 40 43 70 9 14 96 41 17 43 71 24 2 28 58 10 22 84 67 71 43 60 84 47 51 20 60 82 21 5 13 57 64 1 87 95 76 4 16 84 23 46 
81 15 11 54 95 91 27 62 58 8 30 54 92 78 18 28 38 77 74 11 34 79 39 12 64 52 69 43 95 3 30 54 43 65 36 32 9 39 48 36 16 31 99 2 12 83 42 78 24 24 19 50 57 11 61 85 87 49 69 57 100 
34 28 39 86 71 84 17 79 23 45 19 84 40 60 22 20 90 0 94 26 90 8 28 94 19 48 9 14 36 68 57 45 52 12 0 79 78 99 91 15 14 17 13 21 85 70 100 28 23 84 26 28 30 80 64 87 31 95 83 46 53 
49 82 45 48 54 98 56 58 12 49 46 55 10 45 75 29 66 56 1 0 2 94 91 79 38 20 8 20 70 72 82 45 51 83 18 17 100 35 90 38 15 30 5 21 47 12 95 2 62 56 74 85 78 58 10 32 50 77 62 29 55 
14 36 9 43 52 73 45 28 23 93 8 99 40 64 30 48 97 47 40 66 99 32 83 97 71 85 13 27 14 15 63 8 8 34 2 31 81 62 36 16 47 16 71 82 51 97 98 86 69 6 57 21 91 35 89 83 61 74 66 91 7 
20 1 99 46 8 87 51 28 87 43 24 20 64 27 6 91 56 80 87 77 72 95 9 98 2 39 17 88 30 10 28 98 80 78 14 74 85 70 11 67 7 36 81 84 37 94 56 48 25 34 38 33 39 73 33 12 71 51 99 0 25 
21 71 70 36 37 92 82 80 76 54 88 0 9 32 37 38 7 41 0 31 28 47 86 22 60 70 67 24 69 2 97 15 88 80 44 56 33 58 74 1 16 88 26 23 98 27 72 96 56 37 19 77 32 57 23 2 96 38 62 79 61 
81 58 34 86 34 39 51 8 72 81 45 94 86 83 29 50 83 88 81 48 62 99 37 64 30 93 53 40 95 38 55 56 6 48 22 55 95 53 66 38 91 30 14 70 44 86 77 58 0 86 55 58 34 32 0 84 50 17 33 51 48 
71 69 75 9 24 20 3 51 76 87 96 49 63 11 25 52 64 72 44 63 42 67 56 10 15 9 1 53 0 59 8 74 65 72 84 31 6 3 57 7 56 23 80 68 32 16 67 43 46 66 58 36 18 16 72 29 84 85 10 19 24 
31 3 76 80 46 52 79 62 0 71 25 37 51 32 22 49 97 11 91 87 47 80 29 69 99 46 4 58 41 29 53 1 12 12 78 54 13 70 81 49 30 78 84 8 23 14 29 50 50 25 3 36 97 90 60 68 19 51 64 17 27 
66 91 91 38 99 2 54 38 64 22 44 23 48 100 24 38 43 83 11 39 37 41 81 62 46 71 42 28 93 57 75 82 27 39 95 0 31 45 97 72 71 10 92 87 1 16 44 46 51 40 7 56 75 9 94 5 67 88 55 9 28 
54 63 91 88 66 25 61 2 63 55 91 79 86 68 30 71 45 74 50 6 60 62 50 75 13 78 30 81 35 31 65 47 12 39 89 63 17 21 11 25 33 80 48 64 67 75 62 28 81 53 38 26 22 6 83 48 39 71 80 20 47 
64 58 80 60 76 57 47 34 88 66 30 55 64 48 22 0 10 45 46 86 52 14 77 71 60 46 20 13 95 89 45 48 94 47 70 53 34 9 90 55 33 26 78 56 94 65 64 88 3 65 27 84 47 94 74 36 88 47 25 49 2 
67 48 89 41 76 37 82 91 0 59 11 60 48 100 10 41 60 42 40 23 83 76 6 35 93 30 45 11 43 49 64 78 3 88 19 13 25 1 52 17 20 97 20 47 17 59 89 36 2 32 22 53 69 29 1 61 21 44 6 71 59 
78 94 22 8 67 57 54 54 69 46 41 21 75 66 22 19 41 57 99 53 91 78 76 55 38 51 51 5 32 98 28 8 75 43 36 67 41 46 42 31 79 92 93 55 21 40 27 27 23 48 98 95 65 85 23 72 31 81 65 38 97 
50 28 71 95 61 49 70 9 23 35 60 9 85 2 75 10 43 7 14 42 37 77 16 2 93 30 31 67 54 76 30 8 67 9 40 86 90 73 21 98 70 92 63 83 40 90 25 51 43 24 12 85 55 48 50 58 54 93 60 8 24 
13 60 100 47 50 85 40 3 20 89 89 36 65 91 55 42 58 53 22 69 92 35 34 86 4 55 61 75 34 23 43 94 26 81 24 38 54 98 54 25 64 36 88 59 21 81 45 83 85 72 52 77 39 78 67 62 11 63 49 13 29 
85 29 77 46 75 36 60 60 45 6 93 63 89 20 6 95 57 13 0 24 59 55 99 67 79 53 2 50 30 95 85 15 99 23 31 4 80 2 63 22 69 56 39 39 88 46 55 17 5 44 80 33 29 50 31 16 66 96 95 63 86 
26 99 89 6 59 94 83 80 96 83 28 0 11 64 11 78 30 70 43 53 80 4 4 45 65 1 12 57 81 43 34 25 56 7 89 88 51 49 11 92 60 70 67 86 27 68 49 49 0 36 95 62 60 19 34 30 83 71 18 44 61 
3 91 90 54 89 6 95 15 73 76 11 88 12 82 20 2 94 88 9 28 28 78 21 5 3 92 34 50 87 22 8 86 9 5 70 69 32 34 37 3 9 4 78 71 65 77 1 74 24 25 84 90 9 90 99 18 89 87 88 61 44 
41 10 67 84 39 51 99 4 19 83 99 81 88 99 21 45 28 58 11 91 46 37 66 26 88 75 20 91 43 8 61 15 57 74 16 89 96 91 32 13 56 71 52 8 93 15 18 25 23 59 39 30 65 95 70 31 19 78 70 12 69 
10 33 65 3 26 2 45 25 67 45 13 7 85 23 63 62 34 37 1 76 96 31 56 30 20 95 5 17 41 56 32 34 47 8 34 51 20 24 65 78 55 6 9 74 64 87 88 84 71 46 85 59 54 96 24 8 24 49 79 54 82 
76 2 41 6 74 73 8 79 14 48 64 22 29 14 24 72 68 87 46 18 29 72 86 89 64 25 0 95 77 41 57 40 83 89 77 29 28 7 55 98 4 4 74 100 3 59 69 47 65 97 24 60 26 40 77 85 3 50 73 24 41 
88 22 13 42 53 12 50 89 59 24 62 96 24 96 53 74 24 63 0 24 37 52 86 37 21 36 90 76 79 80 33 17 99 89 43 13 58 97 28 39 67 55 20 74 49 98 91 94 31 90 35 56 26 100 43 54 59 56 65 12 80 
45 10 85 74 74 60 55 37 58 33 85 18 55 50 32 61 5 1 5 82 68 42 58 74 94 86 79 23 21 48 95 98 94 97 66 33 34 62 62 84 31 92 56 61 32 1 94 26 14 39 10 92 46 17 33 93 19 7 5 34 45 
58 68 80 71 9 19 86 64 5 93 81 0 81 2 21 76 69 15 6 94 26 8 11 82 27 17 78 92 32 90 78 6 47 52 29 98 11 65 91 46 67 28 81 92 55 65 25 34 16 93 81 92 79 37 32 5 94 3 46 74 38 
82 2 88 70 75 28 93 29 46 47 1 81 20 87 18 53 65 12 83 17 7 71 6 42 94 85 78 21 2 26 70 74 13 64 73 23 58 91 72 37 65 88 36 19 73 59 78 36 51 5 47 93 13 11 47 27 0 22 96 86 84 
7 99 85 14 93 84 4 8 52 88 62 22 91 13 20 12 83 36 10 54 71 50 87 32 52 1 80 26 97 87 60 29 91 39 51 18 41 19 48 33 81 66 93 94 36 91 41 87 66 22 3 61 83 88 19 83 48 22 16 5 86 
88 99 14 26 49 16 62 54 77 72 64 68 27 2 79 14 13 3 96 97 84 2 80 27 27 34 25 10 93 73 52 77 49 68 9 58 7 84 41 81 99 37 97 6 70 10 50 35 10 67 45 26 21 84 46 19 25 22 5 71 38 
72 42 6 85 100 89 3 48 8 63 19 22 91 88 73 97 63 88 2 82 92 61 23 41 83 13 100 76 50 9 50 56 40 45 52 20 48 4 11 86 18 86 58 96 12 15 7 46 11 94 14 43 91 33 72 98 44 4 26 86 56 
21 7 54 20 8 52 81 75 40 1 75 10 51 57 59 51 7 94 33 14 71 98 46 79 88 84 44 73 31 97 93 17 61 16 35 52 76 36 45 47 52 71 82 95 13 29 16 26 6 34 20 39 85 72 42 74 47 25 13 57 46 
93 29 26 83 66 8 93 99 28 75 21 62 74 34 50 23 48 64 29 51 29 70 49 83 4 56 94 32 10 44 34 98 78 89 28 99 84 94 64 80 81 11 32 36 26 15 39 66 38 85 10 41 53 94 57 62 6 47 41 2 86 
19 61 49 72 69 4 57 51 61 11 76 58 42 84 82 31 59 86 37 16 74 71 19 56 53 36 66 80 2 52 81 49 70 88 34 29 27 91 72 74 34 29 74 80 71 38 67 90 34 89 0 15 7 80 28 79 82 95 64 3 92 
67 87 90 48 8 8 96 30 29 91 77 19 12 9 47 95 2 55 94 95 26 36 27 24 21 57 49 100 72 54 48 45 52 80 30 100 54 76 78 28 66 31 27 5 56 77 34 13 55 28 81 14 99 61 31 30 34 98 60 14 65 
19 16 35 27 82 53 75 12 40 79 56 5 63 37 91 80 69 83 10 63 95 98 21 98 22 4 48 21 50 68 74 48 40 82 51 39 38 30 3 2 97 21 19 56 63 4 36 66 45 78 71 72 14 29 55 45 36 13 14 46 76 
96 88 23 25 66 24 34 1 79 72 9 17 41 11 90 67 32 62 16 2 16 72 28 14 100 54 85 99 69 2 28 37 0 52 88 34 98 3 16 45 11 73 71 13 87 84 92 48 45 93 99 34 91 74 68 88 7 65 89 8 15 
44 40 79 72 83 39 84 80 70 69 99 80 81 22 55 1 10 3 10 57 40 1 57 40 80 2 41 36 14 79 98 82 87 23 26 30 19 65 79 16 96 65 21 43 74 94 63 45 38 71 78 9 92 93 27 39 71 9 38 56 40 
25 31 82 50 5 69 57 34 3 29 3 91 2 54 42 80 6 64 88 69 3 10 44 9 40 69 95 42 86 79 77 48 33 67 63 14 15 23 94 51 51 91 47 13 32 18 90 62 11 21 21 24 93 97 26 49 3 42 9 72 100 
53
93 98 66 29 73 5 21 40 62 63 45 52 53 77 43 92 27 76 98 86 72 45 80 18 67 21 35 98 91 34 83 27 69 10 99 87 81 50 2 0 34 94 25 91 32 84 6 56 78 19 79 28 26 
70 18 98 23 4 35 7 60 46 14 96 24 41 3 20 9 30 49 88 15 99 100 3 19 51 76 28 88 59 78 26 33 48 11 65 37 36 93 75 67 79 76 40 68 5 26 4 93 65 89 76 76 65 
67 67 7 77 17 70 40 52 93 63 46 1 86 21 16 84 75 93 42 18 5 92 8 7 8 2 45 68 48 70 70 60 100 42 93 15 25 33 15 73 63 81 11 57 4 93 88 67 8 46 61 84 85 
91 70 19 54 98 83 90 31 24 26 11 17 51 1 69 99 62 96 75 79 46 61 52 51 31 24 17 5 98 70 87 24 54 9 86 50 65 65 11 13 38 1 61 61 87 92 56 44 59 80 52 26 44 
19 15 76 22 85 2 85 43 88 36 19 74 96 72 60 62 19 18 6 47 68 29 19 30 81 26 34 73 79 64 43 2 52 58 59 62 48 43 95 96 51 97 36 58 46 79 38 48 77 59 43 77 62 
41 26 7 36 49 62 57 54 44 73 22 15 67 2 76 0 97 76 2 24 99 95 98 100 41 95 25 6 48 4 66 8 41 0 45 63 53 76 43 99 89 4 9 66 13 63 14 60 6 56 47 15 42 
95 13 66 69 62 8 85 26 92 48 61 23 34 4 23 10 55 22 71 32 71 30 93 62 87 49 4 44 82 27 68 14 30 64 5 27 24 51 62 99 83 40 26 63 60 81 47 26 100 70 58 79 63 
47 75 24 81 82 39 22 17 20 57 62 10 57 77 67 15 100 2 85 90 20 36 24 14 44 19 16 46 23 69 7 12 44 3 51 28 20 51 25 11 54 82 84 47 40 0 22 10 35 17 32 9 11 
68 65 31 83 77 89 11 20 58 77 17 61 24 6 99 35 46 56 38 90 11 51 72 41 69 28 84 82 79 91 76 92 84 62 100 19 20 76 58 67 66 34 66 87 41 71 0 79 91 25 63 59 23 
29 55 98 54 70 99 60 47 27 64 5 45 23 30 98 49 74 55 33 68 87 80 94 43 93 6 26 99 95 91 8 19 44 61 41 61 87 57 87 24 70 35 73 15 57 42 74 26 31 59 43 79 14 
49 33 0 84 77 8 43 95 33 19 80 13 96 94 64 7 22 41 50 80 68 93 45 30 55 75 1 79 93 89 83 11 16 36 6 47 24 27 36 87 95 53 53 80 98 61 75 78 64 14 54 0 89 
54 36 15 82 74 13 11 74 41 91 100 30 43 86 53 51 74 18 22 14 60 51 89 15 96 52 45 4 98 26 94 0 3 85 94 89 19 69 38 42 91 36 45 6 38 62 53 51 86 14 26 82 17 
92 24 35 30 1 33 66 44 32 85 37 12 84 81 36 51 68 54 75 77 18 36 90 15 18 0 87 49 8 13 56 33 94 66 24 48 97 25 77 81 16 100 79 11 99 68 90 44 48 49 28 16 49 
36 100 11 80 16 5 72 49 74 82 71 0 27 88 18 20 17 13 49 28 7 36 58 60 2 21 97 34 5 6 22 24 32 1 39 93 90 19 22 0 79 46 17 55 84 50 7 18 19 34 67 22 59 
91 29 7 34 68 47 46 61 79 88 91 59 63 57 25 62 63 92 28 96 1 34 95 95 43 84 85 68 19 92 49 93 98 21 16 72 26 11 1 28 68 91 40 50 8 99 38 40 85 8 39 23 20 
14 5 27 51 67 87 6 67 97 28 37 57 72 68 81 60 72 57 18 55 1 3 58 85 48 28 96 77 83 6 64 95 59 95 58 37 41 91 89 30 18 77 85 7 57 5 76 86 89 36 16 47 43 
94 87 26 36 21 27 76 100 61 58 58 29 54 73 52 71 58 79 70 17 45 23 17 8 77 35 62 68 61 63 98 51 25 6 37 47 70 78 0 42 31 49 24 50 8 34 57 89 43 2 57 43 14 
13 43 76 14 73 35 81 47 85 56 58 15 23 32 82 27 10 22 0 80 74 46 85 58 29 4 52 0 41 56 12 42 49 6 5 10 94 48 41 86 66 10 39 23 64 66 35 35 72 54 7 26 99 
88 63 4 8 94 64 14 98 89 56 83 31 48 33 31 42 68 64 73 72 16 88 11 17 19 60 9 52 24 94 97 31 91 52 65 71 10 38 15 38 12 85 76 30 59 95 17 4 88 57 17 9 19 
16 2 22 5 9 52 0 2 100 63 18 53 43 12 46 59 21 20 57 43 54 3 93 60 11 67 4 39 88 29 8 6 14 96 3 3 2 88 28 19 20 36 19 60 46 33 53 30 67 15 98 69 10 
74 0 64 35 66 45 17 47 19 37 43 10 20 41 44 35 26 41 71 89 26 99 3 2 9 57 97 31 100 97 65 6 87 8 4 25 68 17 42 93 81 75 70 53 72 70 89 78 85 61 3 68 77 
96 85 42 89 65 87 9 86 71 0 69 14 71 60 28 89 56 39 92 22 85 29 52 82 49 60 22 32 38 32 17 75 9 32 17 6 57 76 12 39 41 21 30 68 9 40 52 54 20 59 74 35 79 
9 23 83 4 32 13 4 52 39 100 1 96 82 88 69 29 28 37 87 2 15 79 88 8 70 67 52 34 74 11 24 12 16 15 3 96 75 29 27 9 52 89 53 83 61 15 16 21 21 83 67 8 58 
40 70 12 32 20 84 76 86 83 100 71 42 41 82 96 56 80 85 28 98 23 9 59 73 35 22 5 51 92 1 86 73 82 62 18 42 32 79 22 79 66 69 58 48 61 20 30 97 22 95 11 16 68 
0 19 52 88 93 23 24 71 98 76 38 76 61 7 17 64 41 29 76 41 92 36 17 69 92 91 58 62 95 22 55 74 89 15 87 37 41 42 2 6 81 72 85 56 69 71 8 22 34 12 85 26 93 
77 20 64 43 42 32 30 40 98 95 88 84 57 46 67 76 37 86 87 41 76 51 64 67 4 62 86 86 37 5 23 47 89 50 92 63 43 14 24 69 8 78 27 73 30 34 61 43 55 26 92 77 20 
87 22 72 66 40 72 70 51 62 97 87 53 76 71 73 22 41 17 21 94 86 36 52 59 25 51 21 32 82 82 35 14 35 34 78 3 8 95 84 45 68 26 13 86 89 85 84 63 36 66 24 61 1 
5 33 46 92 100 83 68 89 69 71 21 61 39 80 10 86 95 22 66 8 64 96 89 40 41 10 19 65 90 59 76 98 9 22 0 68 32 28 54 88 36 94 50 34 97 82 21 50 27 49 25 60 97 
74 3 36 7 16 74 89 8 71 8 6 72 15 38 88 45 23 12 29 79 61 59 48 58 28 30 13 52 40 51 96 40 58 24 63 61 89 52 2 91 82 3 81 85 18 38 90 71 11 5 28 35 100 
96 38 3 12 18 26 26 88 77 24 16 57 1 95 17 98 82 66 28 88 78 75 17 20 73 47 6 94 10 8 95 71 90 23 100 74 37 0 15 36 73 46 91 28 52 34 98 67 47 85 48 90 3 
14 52 1 83 85 5 88 41 84 72 0 79 57 49 6 39 47 52 85 46 51 87 77 81 41 82 88 18 58 58 10 25 48 39 20 82 49 33 80 27 8 14 16 84 63 65 64 20 20 12 94 46 59 
66 31 51 17 28 10 37 2 57 12 55 96 44 31 18 55 49 27 69 22 81 13 61 46 78 0 52 10 73 42 77 73 24 97 30 57 48 18 19 78 78 26 71 40 82 88 39 29 24 27 3 99 26 
1 58 65 91 43 25 86 45 38 19 71 43 63 16 41 15 36 11 27 76 27 63 81 46 78 54 28 44 92 59 25 49 10 19 94 35 1 79 4 63 6 13 47 27 14 6 80 63 30 26 44 29 80 
78 74 94 70 86 53 94 21 59 51 46 39 65 32 44 43 72 18 52 61 64 97 72 2 12 51 13 8 2 95 28 64 51 17 44 99 32 4 78 32 92 35 33 70 44 29 95 71 82 9 9 25 67 
70 31 45 93 23 96 38 77 60 86 78 32 76 19 58 48 64 100 71 12 24 72 57 5 82 63 35 44 13 38 1 19 46 39 26 84 18 33 2 84 38 85 42 60 69 19 1 61 25 83 82 24 34 
28 46 1 62 86 43 9 52 56 26 34 8 48 57 61 78 79 11 91 73 57 88 79 1 9 50 53 78 30 0 58 27 1 69 42 6 98 8 21 83 26 29 22 76 93 1 25 78 27 81 3 24 70 
88 22 66 42 70 39 73 9 34 84 1 25 1 89 76 78 28 35 86 99 58 85 27 74 0 19 43 6 94 41 79 39 89 81 77 25 1 0 13 8 95 75 88 35 34 58 1 73 68 62 73 34 71 
40 88 58 87 42 16 74 6 73 2 7 93 70 82 23 12 36 56 41 20 86 78 3 65 73 80 56 9 19 68 43 20 94 76 81 67 87 84 100 69 96 95 33 48 39 73 68 75 53 37 31 62 56 
97 15 10 50 79 73 99 7 0 42 43 81 7 46 5 75 95 47 78 43 53 38 47 100 68 83 1 7 17 77 4 5 14 72 9 68 23 51 0 62 87 20 15 9 31 76 29 23 74 83 94 1 8 
87 64 37 66 66 70 28 73 94 34 67 96 8 33 77 72 60 13 21 43 56 66 12 54 86 100 37 88 11 48 48 96 78 9 62 39 92 40 51 78 71 74 55 43 70 63 88 61 38 25 49 89 87 
65 8 30 75 84 59 39 0 82 7 42 87 89 72 59 51 24 72 2 75 19 50 9 61 10 66 39 73 30 40 93 87 39 93 7 13 87 91 87 46 79 61 14 93 34 45 98 25 54 39 62 63 23 
100 11 100 32 39 82 46 56 62 57 98 82 77 69 73 46 35 53 46 54 37 48 55 52 21 97 70 63 68 22 47 8 74 7 35 57 45 84 62 77 66 99 35 10 95 31 56 58 5 93 91 82 56 
81 71 46 10 74 78 36 32 18 67 26 47 41 9 70 28 99 41 13 65 51 89 32 48 47 7 4 55 22 90 71 91 22 24 39 24 100 37 9 99 95 11 14 92 23 77 78 68 69 72 80 36 73 
20 36 62 52 77 29 79 33 17 84 84 36 11 55 61 53 41 94 19 66 19 32 26 75 39 77 98 88 52 85 32 41 94 25 35 86 45 100 39 40 29 32 37 51 52 59 94 99 62 25 61 21 23 
31 28 70 4 44 56 95 24 84 89 16 9 66 83 99 33 77 49 7 61 52 8 26 50 20 63 46 3 74 86 29 81 95 84 51 24 84 89 30 35 9 93 96 53 24 88 57 62 65 57 86 67 27 
32 75 77 9 51 81 25 1 82 43 42 21 100 38 27 62 16 60 55 30 58 0 37 12 93 1 40 11 95 85 40 46 11 36 30 42 24 94 40 24 70 37 39 80 8 5 89 48 26 99 89 82 30 
95 41 56 34 11 74 86 7 25 42 85 90 82 84 29 88 13 51 14 25 30 12 61 11 28 80 32 63 89 10 58 89 19 81 30 35 47 53 68 68 100 5 90 71 2 79 7 41 17 30 10 15 44 
61 80 90 59 100 3 65 88 96 80 20 75 54 2 59 100 5 58 25 66 56 78 56 59 12 8 50 4 1 1 48 2 94 39 27 70 63 5 12 10 35 93 82 49 98 97 11 25 69 22 76 0 6 
7 77 40 94 3 21 81 66 86 73 34 73 40 22 0 9 86 53 81 55 94 77 88 97 62 35 46 8 65 44 69 61 45 29 0 100 96 84 5 65 99 57 0 90 89 89 98 58 24 99 100 83 37 
20 49 81 72 60 3 35 67 98 29 30 47 41 34 100 47 80 19 51 92 7 71 68 84 73 30 60 60 2 26 80 34 4 63 53 90 74 51 2 15 60 90 97 87 47 12 45 90 100 31 32 2 19 
20 65 68 63 59 52 22 79 44 59 14 1 78 85 35 53 24 32 9 83 55 81 63 22 78 60 41 51 87 58 17 85 47 35 59 10 90 14 28 0 100 72 5 64 15 12 9 44 53 52 42 78 41 
28 8 27 64 100 29 74 35 6 22 69 37 56 44 14 39 69 89 32 33 11 62 86 38 95 58 98 58 63 2 82 99 65 60 80 92 9 96 62 34 49 45 54 82 50 51 20 54 36 80 23 48 7 
74 38 61 1 35 40 44 90 54 15 48 72 22 69 44 15 3 60 55 92 58 68 88 39 24 3 81 7 86 85 72 55 67 100 45 2 60 80 89 21 26 100 52 62 25 93 3 52 30 31 3 12 61 
59
59 88 73 48 81 39 43 6 80 28 17 86 4 23 38 52 85 38 85 39 97 10 44 78 71 51 55 37 32 18 71 23 48 54 86 3 99 30 92 54 58 52 48 44 53 27 59 45 83 95 59 71 19 87 51 57 20 7 76 
56 29 31 17 34 70 59 27 69 15 89 56 4 23 73 11 19 71 1 47 84 97 22 29 24 3 72 50 85 90 35 10 77 9 21 45 36 63 94 61 55 47 13 70 62 78 47 61 47 10 37 51 33 90 21 17 68 22 12 
90 54 89 30 34 31 46 8 24 67 4 13 21 78 28 30 63 45 28 24 65 46 18 10 64 32 69 39 72 97 49 96 19 51 31 95 100 4 1 76 72 40 40 42 47 98 15 83 95 27 65 96 42 82 34 93 8 4 62 
5 12 60 55 85 58 71 22 4 57 52 70 50 1 40 74 56 2 78 1 6 8 4 82 54 17 24 72 30 88 67 31 86 79 79 65 22 72 8 0 64 99 18 41 62 30 92 32 79 79 37 16 20 73 94 82 91 59 42 
79 16 72 92 70 94 0 65 72 55 3 12 76 42 57 79 61 74 80 15 23 64 96 16 12 40 13 47 22 85 98 25 100 98 74 87 71 82 74 89 12 18 33 12 48 95 5 33 68 83 58 28 43 6 52 1 95 12 20 
8 57 39 36 10 67 14 38 40 77 2 58 28 96 52 66 39 21 34 73 63 54 38 7 25 1 59 93 62 8 32 20 48 6 90 35 6 24 5 45 79 33 8 77 60 93 10 87 28 72 87 63 46 19 47 40 43 31 66 
11 18 69 7 60 99 24 63 59 13 4 4 99 17 32 84 14 96 86 29 94 34 7 62 92 59 3 75 65 35 89 2 95 89 8 59 83 16 71 68 32 52 46 43 97 33 48 21 2 30 73 24 85 41 78 11 84 71 11 
1 1 94 97 78 29 56 51 83 19 35 5 2 14 42 27 49 44 96 67 0 47 37 31 50 80 17 50 66 35 31 60 31 91 92 53 88 25 65 54 24 33 74 53 95 63 1 78 44 61 83 13 37 46 8 42 45 57 55 
29 95 59 49 7 63 18 95 36 50 72 54 78 46 50 54 29 31 12 56 35 100 89 48 100 71 66 71 1 56 35 65 79 7 65 20 73 15 12 31 26 51 28 63 99 72 52 20 67 81 30 71 80 5 96 62 7 58 96 
48 29 32 35 86 89 52 62 65 13 7 48 70 12 0 30 7 79 26 69 77 73 39 39 22 19 17 53 83 52 0 15 71 25 67 46 80 40 17 84 98 46 64 53 45 79 43 55 92 10 19 15 30 44 70 74 31 14 58 
31 5 22 15 5 64 35 93 10 12 88 61 13 13 70 79 98 67 90 73 71 88 52 23 27 45 23 35 35 35 50 27 10 49 37 40 49 41 54 67 85 85 64 80 25 45 24 30 16 5 10 65 47 91 75 90 26 40 51 
19 17 48 93 100 41 85 62 8 95 19 70 89 10 50 49 9 31 27 93 95 75 62 26 85 45 41 26 43 71 91 6 11 28 2 17 63 17 98 56 1 19 72 92 49 60 14 15 29 70 34 32 36 74 48 39 16 9 81 
83 61 62 21 57 12 58 40 18 15 5 24 18 64 94 31 36 94 70 55 8 53 77 62 15 73 31 51 89 25 63 90 44 72 62 55 64 65 95 20 35 34 77 98 9 65 94 32 10 95 42 26 75 79 88 50 75 79 67 
77 49 82 45 8 49 78 2 90 97 18 63 39 15 62 36 24 90 92 65 72 45 73 29 12 20 46 95 41 49 58 100 75 60 49 15 86 9 24 51 40 96 6 9 39 70 51 86 11 68 13 64 9 28 93 95 71 46 11 
70 19 100 33 78 70 92 100 6 42 51 58 23 96 50 94 9 63 88 4 86 54 48 92 40 54 90 33 19 21 92 79 3 55 3 28 56 59 8 28 31 24 55 67 51 82 93 4 56 92 56 83 80 2 5 53 12 83 79 
5 52 59 49 47 18 23 9 6 80 31 13 28 50 73 28 15 36 42 1 57 65 93 98 47 88 99 25 66 44 54 40 17 74 77 45 0 20 61 35 33 73 91 43 63 19 17 42 52 25 48 26 43 98 2 44 59 32 21 
91 99 6 16 67 7 100 81 76 22 33 3 38 93 63 10 14 67 3 91 40 83 5 33 88 5 8 30 73 23 22 30 10 72 89 46 99 33 2 91 31 29 36 61 83 61 61 10 97 81 37 90 75 53 13 94 29 78 66 
40 67 81 49 27 97 50 16 80 89 94 70 84 39 44 49 29 21 76 64 9 22 71 71 100 15 90 69 6 81 9 97 90 41 81 68 76 81 13 18 6 49 4 84 63 7 100 20 18 32 52 44 32 68 96 86 98 51 89 
32 81 39 85 48 74 100 7 88 68 42 87 17 27 40 43 1 46 8 13 2 82 49 32 38 83 0 19 48 49 96 30 72 64 91 6 1 4 50 47 51 66 80 87 12 67 60 80 22 60 72 90 18 91 2 83 16 21 92 
31 63 16 93 38 22 46 26 95 65 40 49 44 60 75 24 28 99 97 88 74 25 7 75 99 59 43 55 90 17 96 6 20 78 64 59 61 33 88 57 52 56 72 48 32 16 25 37 81 48 32 17 64 25 25 20 43 1 23 
92 69 65 71 88 57 76 39 48 44 98 39 21 55 36 20 94 53 42 62 39 17 17 45 57 53 68 22 71 39 24 62 21 8 87 3 13 26 88 55 24 82 37 56 36 29 51 80 28 85 23 36 60 43 58 20 44 50 7 
10 34 20 47 70 82 94 77 56 86 29 36 9 37 20 39 73 62 23 41 18 54 21 26 73 95 91 17 94 56 76 23 73 85 10 58 55 46 91 63 33 25 83 88 3 54 20 79 5 14 78 18 56 56 1 70 7 71 94 
75 63 82 97 55 70 19 4 10 35 2 27 49 60 98 12 33 10 69 32 33 9 65 42 38 27 55 52 9 28 21 51 37 47 80 20 7 75 31 3 1 32 37 48 27 76 10 5 60 25 37 30 39 67 76 94 18 90 93 
42 4 63 79 11 34 61 30 43 43 81 7 99 51 76 52 77 43 13 13 67 40 45 11 20 10 0 62 43 42 55 41 56 67 94 66 17 77 24 13 75 43 7 83 39 71 41 27 55 80 49 98 35 9 95 50 54 44 11 
95 38 77 95 79 16 30 22 74 64 41 100 77 6 20 79 84 50 55 31 75 17 8 6 31 92 1 74 50 69 3 15 54 82 20 38 59 54 90 35 13 49 91 22 94 51 35 99 24 37 40 39 82 73 90 44 66 35 2 
99 85 9 64 98 60 20 47 76 8 17 5 39 42 8 56 60 85 75 4 65 1 99 11 72 68 95 28 45 38 23 29 13 76 40 2 70 93 85 25 89 55 50 7 9 5 46 7 3 90 53 36 43 100 7 14 62 69 85 
1 69 53 0 30 45 28 1 17 43 83 58 35 16 54 28 61 100 47 74 39 80 8 93 56 25 63 16 50 44 41 6 86 72 18 33 69 55 32 98 25 5 57 68 79 21 3 60 6 72 42 86 32 71 84 43 4 69 48 
41 99 46 81 65 69 13 97 32 70 99 3 57 51 48 65 6 43 89 97 98 51 79 27 41 60 13 64 69 88 21 77 3 38 10 75 85 95 45 17 77 14 84 83 91 30 95 82 73 42 86 96 92 8 10 50 80 19 75 
35 93 57 3 35 48 52 5 21 3 47 7 94 100 61 4 38 54 71 48 98 9 80 29 73 4 89 86 58 14 58 47 96 80 18 29 98 17 100 33 63 65 17 46 4 1 54 78 72 21 65 6 85 29 95 9 11 26 69 
7 68 90 30 7 9 3 73 95 44 0 40 45 11 23 35 38 54 62 84 76 86 8 91 63 46 39 23 27 76 81 44 37 71 49 94 40 27 23 76 71 64 48 58 71 87 85 45 35 87 84 41 77 50 87 27 36 46 44 
50 11 63 15 69 91 62 35 49 20 60 37 99 56 83 52 6 86 56 21 56 20 15 20 88 0 8 82 59 63 90 28 38 55 29 60 33 24 29 2 67 56 45 44 20 77 48 95 45 82 76 98 66 78 81 22 87 34 11 
59 3 78 48 10 15 34 43 81 2 77 68 92 59 70 74 86 69 41 96 29 7 57 5 65 21 37 45 51 82 77 88 23 87 61 98 2 100 39 0 45 98 31 96 51 21 22 4 1 72 4 88 97 58 97 95 28 95 84 
86 21 10 100 72 43 7 4 78 52 29 65 94 63 20 37 17 18 75 22 39 55 92 68 88 7 6 12 36 57 20 23 34 6 52 4 85 26 87 38 89 89 55 2 24 14 75 52 96 54 67 8 24 77 21 8 46 91 51 
42 59 0 23 51 68 1 56 89 23 78 71 28 13 80 68 26 33 29 57 98 100 69 37 81 37 47 89 13 51 13 81 67 94 80 1 86 22 66 32 41 71 16 24 82 46 95 29 92 35 71 66 59 65 56 12 39 9 61 
32 80 27 24 40 97 36 75 0 92 17 34 89 84 92 3 67 97 6 16 34 47 5 46 98 48 34 37 31 72 60 65 64 88 73 50 41 98 26 4 48 44 73 23 2 5 5 30 37 92 33 46 42 66 72 58 18 74 64 
67 35 55 67 9 38 2 22 65 50 97 80 95 3 49 80 69 61 15 47 86 79 3 93 42 44 95 99 39 25 26 54 88 55 24 20 76 28 44 10 54 20 96 43 28 43 97 45 21 82 48 78 16 37 6 98 71 93 42 
30 70 13 52 43 77 24 39 8 49 63 2 6 27 32 80 75 37 95 47 68 13 62 19 75 99 80 63 52 65 72 68 1 9 66 16 26 46 27 72 88 100 82 37 22 3 39 21 32 27 63 12 23 82 6 11 41 33 42 
24 28 23 29 67 77 78 61 95 36 28 42 99 16 12 100 62 100 67 60 70 97 82 46 96 9 52 27 66 67 95 50 8 71 51 47 84 80 46 53 9 14 50 44 80 79 90 21 81 20 19 50 1 35 40 85 78 68 62 
74 78 68 97 69 13 42 53 80 42 94 52 43 96 15 72 80 6 65 32 17 12 15 63 71 32 36 6 83 13 35 72 80 28 48 9 35 83 19 80 20 15 79 23 57 22 27 23 28 36 78 68 42 61 49 28 16 71 78 
81 4 43 100 72 71 17 36 98 10 45 32 45 44 52 3 82 56 98 65 60 36 32 66 89 54 69 40 87 2 88 37 77 49 20 55 27 52 4 15 79 86 90 61 89 43 90 50 69 34 4 16 41 4 58 45 60 62 37 
61 81 42 86 68 68 26 16 98 74 99 84 30 0 10 61 67 8 71 37 33 45 99 85 50 90 21 0 78 54 37 73 0 70 22 11 83 19 9 78 84 90 43 97 79 96 64 60 85 77 45 53 71 77 69 13 16 53 3 
98 50 46 40 78 10 62 29 44 74 82 94 92 65 85 53 79 15 5 27 53 18 59 98 100 89 36 9 31 79 69 56 8 99 97 64 39 50 27 47 93 4 0 30 66 43 92 91 49 17 75 31 58 61 72 39 17 53 85 
8 32 30 0 47 70 34 43 81 46 41 62 97 59 68 20 32 64 83 26 0 99 87 37 61 78 51 62 50 37 98 96 29 39 51 83 22 27 57 0 39 21 93 5 22 54 23 48 25 74 1 28 14 48 8 58 42 1 57 
81 11 66 15 77 91 63 77 61 75 73 59 42 36 9 69 69 86 51 28 66 63 4 53 46 77 80 92 20 25 25 63 37 96 24 9 18 55 67 39 14 49 74 26 21 3 5 23 54 28 34 13 76 28 54 89 13 36 38 
96 36 9 8 11 70 38 93 43 44 27 64 96 41 76 33 52 5 34 15 50 52 59 12 61 24 97 60 6 85 73 100 100 47 63 46 90 43 92 59 15 29 21 58 53 20 40 34 28 92 22 91 28 94 35 81 53 62 51 
68 24 4 70 10 99 65 20 42 65 71 34 56 71 73 12 88 49 4 33 4 73 89 20 88 15 46 61 82 21 47 92 76 28 5 54 1 5 44 75 4 68 100 25 5 64 48 39 81 33 66 17 76 33 93 97 37 9 3 
63 85 72 19 3 60 81 39 68 0 42 35 17 38 53 43 16 97 62 79 24 40 4 22 74 71 72 21 43 11 20 13 0 22 15 83 6 83 11 56 30 82 15 89 70 56 84 93 7 87 69 77 29 8 40 93 62 92 11 
78 66 27 39 2 25 95 24 92 41 13 95 5 50 56 38 12 25 98 18 28 30 81 13 19 16 0 90 8 57 58 9 76 78 16 95 41 20 15 9 16 70 99 73 41 91 95 34 18 55 18 55 12 67 35 73 84 1 77 
27 69 36 62 83 21 42 30 32 94 32 98 16 75 34 9 44 72 70 58 0 52 58 67 18 94 38 99 79 50 39 93 27 28 14 52 100 99 58 80 13 27 35 53 80 6 12 35 20 34 61 59 70 73 3 28 31 77 61 
47 70 4 10 78 9 99 20 17 22 0 59 81 13 57 18 87 93 24 24 68 49 67 68 0 13 56 22 47 94 77 96 24 22 73 44 96 100 46 89 64 78 36 88 91 27 91 57 17 35 3 96 84 48 38 80 12 33 15 
20 64 55 79 13 79 56 81 59 37 93 31 2 51 23 56 86 92 80 76 63 87 53 35 16 89 94 89 79 98 95 40 9 23 88 6 13 65 62 53 90 95 72 83 15 94 59 42 20 0 48 40 4 90 24 72 21 67 61 
43 43 1 62 23 30 59 84 65 50 47 65 8 92 91 23 17 44 91 85 56 67 19 48 15 3 6 19 28 91 13 79 11 1 9 17 3 85 58 97 98 24 34 7 83 98 71 74 85 54 16 91 52 90 78 67 3 16 79 
1 31 78 13 14 36 39 18 37 99 29 99 30 38 15 82 5 57 19 45 98 66 15 3 28 11 14 92 99 69 75 54 0 43 31 41 95 9 97 38 82 51 22 0 11 94 34 23 88 9 36 13 37 59 49 62 59 80 0 
38 21 42 85 47 19 53 34 24 24 14 61 74 60 2 87 17 37 43 58 40 78 74 98 33 100 54 41 82 34 88 99 20 76 81 29 65 13 15 100 78 54 4 35 32 58 76 21 69 14 39 92 89 97 55 1 15 30 29 
44 13 63 74 82 78 26 35 76 88 44 54 100 30 25 5 69 85 9 88 79 88 34 90 67 40 96 83 68 0 95 100 25 26 6 100 92 83 47 11 100 2 95 81 8 76 50 83 44 69 82 33 51 73 4 8 33 37 14 
25 46 4 76 21 96 9 0 93 92 28 98 76 47 34 67 46 74 6 57 0 51 65 11 43 79 57 58 89 68 96 17 39 85 70 43 53 10 22 62 12 38 87 55 13 73 70 6 71 43 89 41 90 44 41 100 37 81 44 
11 28 67 34 33 46 40 92 34 69 31 57 59 85 87 2 99 68 24 26 71 79 51 86 48 26 31 98 77 83 70 94 0 59 17 34 18 12 40 11 48 89 53 72 41 20 54 26 91 73 96 28 99 69 58 32 92 94 41 
87 59 22 85 48 69 90 97 71 24 91 91 52 45 43 55 46 88 8 12 34 74 14 99 28 52 34 88 51 48 88 19 34 84 39 17 4 71 83 78 75 12 92 41 96 58 43 96 46 52 90 9 70 28 75 68 95 27 49 
9 23 3 36 79 31 0 54 46 59 82 18 96 22 87 94 85 91 54 51 83 56 32 30 52 2 50 91 16 48 73 27 60 65 25 65 31 94 71 96 70 30 99 54 25 35 30 81 19 76 23 27 100 43 63 94 80 68 20 
94
63 35 6 24 5 56 76 8 19 30 27 73 50 24 49 4 10 31 94 3 18 68 70 45 67 78 31 64 37 62 93 46 100 8 39 13 10 51 87 70 25 7 34 75 81 15 82 56 14 59 28 91 53 59 84 80 96 19 25 73 76 19 11 6 8 51 73 65 85 96 52 87 76 27 20 24 37 56 10 94 86 82 61 75 28 20 48 66 12 35 29 12 80 14 
78 3 50 77 63 0 93 35 94 89 68 31 71 79 53 82 98 65 35 38 87 90 0 5 77 94 67 98 57 17 84 66 82 69 57 26 54 24 54 96 32 89 9 50 21 17 42 42 91 62 81 66 72 35 43 69 29 43 89 0 92 32 63 50 41 76 15 58 57 86 100 79 92 62 60 14 22 58 15 22 6 68 22 58 33 2 1 47 76 91 52 16 43 78 
40 7 16 42 76 58 19 88 15 79 2 98 80 83 99 39 5 60 27 90 51 81 33 34 20 55 66 85 61 96 1 50 26 48 98 6 50 8 16 6 54 2 80 6 47 23 8 12 22 20 48 54 99 35 21 47 25 8 12 94 74 17 5 32 88 76 28 22 74 18 60 36 87 44 28 65 89 46 76 30 56 69 66 91 78 71 17 55 52 0 84 60 48 49 
21 83 39 24 38 43 27 6 63 94 29 4 60 12 32 96 48 73 70 27 57 15 37 79 8 56 95 71 34 21 95 85 19 43 6 76 11 84 11 43 26 78 45 23 70 87 53 20 22 12 38 2 34 98 99 74 97 48 92 92 93 41 44 58 9 39 70 13 70 32 85 86 9 82 17 98 53 51 1 44 10 44 49 63 45 56 85 15 49 88 11 79 75 8 
64 43 96 80 14 69 15 88 33 36 93 71 65 5 90 54 95 72 94 86 84 52 27 80 90 55 40 61 68 92 28 3 55 92 98 49 4 9 25 0 20 92 55 74 63 14 31 49 17 33 23 81 19 49 1 11 74 96 22 39 35 54 63 14 56 85 89 56 84 96 78 13 4 13 10 36 43 44 55 11 62 65 72 5 18 71 93 45 8 64 64 85 96 36 
48 46 71 99 95 86 6 96 57 69 83 96 98 97 56 94 53 53 34 97 3 8 3 55 19 33 33 37 10 2 54 50 39 68 99 13 57 0 91 50 88 83 91 53 88 56 22 0 58 65 40 35 92 91 17 41 68 67 33 16 43 72 79 36 88 43 88 68 74 81 48 26 92 55 93 1 14 57 11 66 42 19 37 60 17 14 43 14 19 31 76 17 39 96 
51 84 21 86 27 58 86 82 50 14 31 74 74 59 59 7 35 70 4 12 90 83 26 57 97 99 17 76 50 74 80 65 68 54 9 89 25 82 96 61 51 16 12 64 78 77 21 43 45 27 77 57 73 15 93 57 85 91 56 10 67 96 76 36 90 8 0 67 99 66 36 25 46 83 73 59 54 27 82 52 5 100 50 12 35 68 70 40 47 76 80 37 41 72 
63 26 43 18 73 23 72 27 46 79 42 71 62 47 10 77 41 62 38 39 17 39 9 57 62 70 81 74 26 24 60 26 87 52 29 64 54 68 64 64 48 58 17 14 15 9 81 90 94 74 44 69 35 24 22 49 3 11 16 14 31 57 96 51 57 23 94 24 33 61 14 34 44 68 3 19 74 38 96 89 44 29 94 87 7 61 81 5 96 90 23 66 92 63 
43 28 19 78 97 90 31 40 95 6 6 6 73 72 2 9 35 70 20 91 0 64 11 29 94 98 91 86 91 30 74 43 41 67 76 72 83 27 32 40 32 33 28 56 80 36 59 30 55 44 65 88 88 92 25 35 98 27 57 5 34 58 68 91 1 83 73 78 47 70 10 93 42 83 95 59 96 95 25 81 82 38 86 13 78 66 22 22 93 53 67 49 20 100 
88 95 39 3 53 4 40 62 11 26 49 78 13 1 12 53 86 98 33 12 96 45 75 27 99 100 9 11 56 78 11 68 67 51 70 85 65 94 92 58 6 76 12 15 41 46 33 85 73 82 97 17 69 98 99 10 78 45 55 17 47 57 27 78 72 48 70 6 71 32 84 82 18 86 5 93 29 28 66 100 54 50 100 91 17 12 53 77 38 26 95 32 48 100 
1 31 69 58 83 57 53 15 5 69 72 65 39 87 28 52 28 95 28 76 40 26 95 62 2 95 57 100 100 66 0 76 76 71 70 46 43 36 76 92 22 0 36 34 29 36 23 42 41 95 22 10 6 21 11 56 24 97 38 18 11 17 12 29 66 90 16 42 15 58 52 17 33 60 26 24 16 15 19 18 20 69 31 56 0 31 48 19 99 53 63 61 33 21 
8 28 98 36 100 1 96 93 26 30 30 79 6 62 59 35 89 13 88 41 30 17 69 96 41 51 6 97 22 31 69 92 98 11 39 38 100 64 43 71 4 41 24 3 5 9 81 73 47 64 24 10 25 20 80 6 75 78 74 84 6 44 92 80 19 89 46 69 68 90 21 18 93 100 35 48 46 33 60 34 12 16 67 32 46 87 40 54 77 25 43 83 33 89 
25 56 77 84 2 88 0 78 0 29 82 81 48 48 41 47 30 7 32 40 89 41 37 20 58 72 80 90 1 67 48 99 29 73 25 76 69 90 42 20 92 100 84 88 3 84 50 24 70 10 89 90 14 98 36 26 45 4 95 53 34 56 60 16 14 89 24 16 98 66 62 97 93 63 4 57 80 46 60 84 59 5 15 39 20 18 41 88 28 98 47 34 65 45 
0 22 42 40 68 1 85 10 16 14 90 57 35 69 18 40 25 45 97 38 83 61 16 91 99 54 73 11 59 85 94 71 38 14 89 4 40 71 57 100 18 64 3 31 91 78 35 96 43 90 53 40 27 59 93 7 19 23 44 31 90 53 13 98 46 41 13 43 67 10 0 42 34 32 24 34 86 48 44 13 10 24 77 24 93 26 92 50 45 94 55 62 62 61 
66 51 40 38 0 7 14 24 54 92 45 41 61 60 99 60 1 19 16 87 11 79 6 1 51 23 12 48 38 51 80 14 72 28 93 46 75 54 71 10 72 43 73 24 79 100 77 63 91 58 92 48 29 22 35 85 90 11 23 39 46 67 58 23 99 96 79 83 90 28 42 40 58 96 39 69 18 87 88 50 28 89 88 99 100 82 14 83 78 14 95 8 51 5 
51 63 43 93 15 14 11 83 71 34 7 5 17 17 69 50 18 10 89 94 42 25 26 11 19 76 80 8 45 39 18 50 24 42 43 84 18 55 53 67 61 80 38 2 54 94 81 15 79 60 37 50 85 3 8 94 8 50 44 51 79 8 99 56 20 5 73 70 84 30 38 89 1 84 9 28 20 83 50 34 69 64 45 81 53 50 99 72 48 60 36 75 57 8 
20 63 8 49 75 60 2 70 47 45 20 23 26 35 59 49 65 80 33 61 63 73 50 95 28 56 38 43 88 68 67 100 94 96 60 40 100 41 58 96 17 54 39 73 96 49 65 29 54 39 85 85 32 7 54 44 58 73 48 4 47 30 60 64 62 24 3 13 82 20 73 40 3 27 36 25 40 52 63 68 5 10 58 48 17 19 23 52 64 88 66 22 54 96 
42 95 20 77 76 95 100 81 6 97 57 44 89 25 57 32 12 62 14 61 52 27 19 9 30 3 13 26 83 52 80 24 55 85 86 85 52 87 31 20 48 91 58 30 8 94 1 87 54 80 38 55 75 47 75 12 20 21 15 10 18 20 22 22 8 44 38 47 1 71 25 41 76 28 42 69 90 100 27 21 40 27 83 77 14 26 94 50 63 28 84 37 64 52 
39 11 48 29 71 85 66 69 41 40 61 94 40 56 64 91 4 42 8 42 86 23 6 58 23 19 67 29 52 43 53 17 28 76 24 28 82 90 18 98 99 34 93 18 84 22 93 70 61 75 76 50 43 98 61 19 94 84 20 48 62 71 21 83 19 45 46 52 16 64 15 36 33 44 89 73 88 87 85 30 48 9 9 80 60 60 25 17 33 39 58 88 4 86 
60 76 9 34 60 89 8 49 68 98 63 72 91 64 98 26 87 68 85 3 85 97 9 89 33 24 51 19 55 71 6 77 60 95 76 0 15 100 1 43 33 15 19 26 42 85 54 0 1 93 61 47 78 38 92 1 28 90 20 3 46 18 24 23 48 29 40 23 87 70 14 84 92 18 64 54 57 70 76 61 80 45 90 54 56 65 21 44 33 6 16 35 79 57 
29 83 46 89 29 55 23 41 49 46 16 69 37 58 3 71 40 50 41 43 48 46 73 44 24 7 66 14 71 42 15 11 26 24 59 41 32 11 14 28 37 41 92 52 86 61 40 74 11 16 55 69 70 29 76 92 61 19 75 36 73 95 73 54 32 67 16 71 19 57 14 20 66 96 53 56 56 82 4 29 54 93 70 26 62 30 1 33 57 29 70 9 19 6 
16 69 60 36 74 39 86 62 26 31 49 98 52 12 41 96 54 99 84 43 28 99 29 27 87 31 62 91 48 82 81 74 15 15 81 98 10 51 24 93 37 0 100 93 3 23 23 38 54 43 86 19 91 36 3 71 46 66 51 20 59 7 53 16 62 71 76 65 9 53 33 71 8 12 15 13 54 78 64 91 30 95 40 54 53 63 72 3 18 44 47 72 85 43 
81 96 41 92 23 60 69 80 36 69 66 65 49 56 9 93 27 50 56 38 53 77 1 96 76 99 78 70 29 30 24 7 11 100 43 75 76 47 5 75 82 4 97 21 1 24 10 47 52 36 74 75 27 92 0 58 53 33 34 59 87 19 36 98 83 42 86 97 11 10 45 93 59 66 83 80 12 22 63 31 92 27 22 98 67 34 78 37 68 77 10 6 29 60 
83 57 5 89 43 4 31 85 9 7 7 88 51 96 10 80 62 64 66 64 63 42 56 49 43 37 28 22 3 12 81 6 28 50 86 68 93 78 9 88 20 38 33 4 80 46 84 97 27 20 83 70 78 28 48 92 79 7 58 58 27 32 53 6 7 26 1 76 31 22 83 72 43 9 72 27 63 25 83 14 35 62 99 61 60 36 84 48 21 95 83 49 68 90 
8 73 17 59 88 67 44 40 60 16 1 1 90 9 93 41 44 42 26 46 62 56 55 68 19 38 49 56 12 1 16 11 4 68 7 72 52 65 68 3 71 3 4 28 74 84 7 43 11 43 51 1 87 44 92 17 94 79 71 72 29 94 63 56 91 48 32 76 18 33 85 62 41 100 81 80 54 33 85 57 9 46 15 17 5 28 17 98 1 32 41 98 78 25 
85 62 86 74 100 25 37 2 45 96 27 89 20 56 15 70 99 43 21 78 66 66 28 83 72 62 99 33 81 53 25 68 71 72 84 23 45 84 32 80 36 33 22 77 90 27 13 67 62 30 42 88 48 6 74 63 99 95 54 18 30 46 91 3 40 21 57 36 74 75 8 19 36 42 51 15 27 89 2 80 29 14 44 3 31 16 48 56 44 91 99 22 33 63 
14 57 93 14 1 53 94 86 27 14 0 94 34 97 73 13 77 81 46 55 81 62 38 80 49 44 12 3 24 87 92 28 55 93 92 35 46 98 83 73 10 9 65 25 13 3 78 93 60 41 38 77 73 86 83 100 97 28 6 20 38 60 11 75 0 30 10 6 23 79 76 64 19 39 94 17 39 24 89 11 94 15 36 100 65 26 40 95 20 13 80 33 70 7 
97 36 4 90 43 48 55 37 25 30 16 51 62 1 91 95 37 78 50 52 73 70 23 23 55 93 67 24 15 74 10 64 58 89 37 36 47 20 92 14 50 15 12 49 65 36 56 68 39 84 54 11 62 69 86 37 92 43 36 92 49 45 93 76 5 51 58 38 16 38 27 97 16 41 58 6 18 100 82 85 71 57 5 85 36 35 74 43 82 25 4 90 56 48 
35 93 28 96 12 98 16 94 44 51 79 62 55 79 50 39 42 99 17 13 97 81 35 40 94 21 49 33 43 18 7 2 6 57 50 54 70 33 93 22 66 69 89 67 47 60 28 72 55 99 95 28 94 80 29 53 69 1 29 38 83 74 59 71 11 96 73 34 30 58 27 44 31 63 88 36 25 14 37 44 72 97 52 6 32 52 49 10 62 62 76 16 86 17 
51 4 28 20 72 29 68 49 49 46 84 46 12 36 22 70 93 41 23 72 76 48 2 24 22 47 86 59 49 93 92 80 29 58 41 95 69 40 75 18 16 41 19 26 80 5 76 63 4 88 35 84 9 40 91 95 46 72 14 77 97 48 66 57 50 25 23 0 92 25 16 93 20 35 75 52 79 81 90 80 46 69 1 5 35 72 22 1 42 67 84 72 23 43 
95 2 6 84 75 21 17 55 74 7 72 69 71 73 51 80 65 10 71 73 29 59 51 86 65 43 37 88 9 100 3 39 53 62 69 26 15 80 30 72 43 77 55 36 44 12 40 91 53 65 71 19 100 5 32 77 84 51 95 40 16 46 35 65 73 19 47 88 41 53 99 52 16 2 49 80 92 65 93 82 19 76 45 80 78 10 88 37 42 78 48 80 74 69 
55 26 96 27 6 44 84 97 29 98 85 29 51 87 32 34 39 92 30 22 45 79 98 15 45 43 47 68 70 82 38 44 68 77 93 82 64 29 14 27 46 70 27 12 13 6 24 95 83 36 46 49 67 26 37 64 87 50 66 25 24 51 44 23 72 43 54 79 40 26 17 52 16 58 57 18 34 67 61 26 69 91 6 31 78 30 90 37 81 36 98 81 10 53 
97 25 93 49 69 55 29 9 31 61 55 18 75 16 99 3 88 77 5 97 85 35 36 33 67 90 6 56 48 95 29 28 85 48 51 11 54 68 85 96 69 61 84 5 59 1 17 60 4 29 17 37 37 32 66 32 72 53 33 1 88 97 73 90 54 3 41 81 51 96 30 80 35 50 39 92 93 31 3 38 13 29 29 79 98 71 1 100 86 23 92 80 49 92 
66 0 42 14 74 87 39 19 13 40 23 46 66 34 90 42 14 18 23 84 8 44 45 68 48 72 71 93 75 94 75 35 7 79 33 66 88 55 70 77 87 41 43 7 21 99 33 0 8 51 38 53 8 6 36 18 43 13 21 25 55 43 73 73 21 7 48 46 8 36 75 75 35 59 64 5 31 64 68 75 24 70 53 49 69 38 40 9 47 89 21 39 71 60 
83 21 40 38 86 84 0 99 3 74 93 76 79 80 6 19 81 40 39 97 54 94 48 29 25 35 13 56 24 19 90 97 60 10 5 33 24 4 100 39 16 56 3 0 98 86 55 7 0 69 100 6 47 15 49 32 68 53 74 21 37 47 83 51 92 100 98 41 56 15 5 91 41 77 47 24 19 61 95 21 15 86 12 17 89 38 13 12 33 46 62 81 62 71 
35 5 40 58 82 75 2 9 21 10 69 92 36 97 0 40 79 29 49 47 72 71 88 78 70 22 16 59 17 41 72 95 68 16 82 14 44 81 68 100 59 69 1 66 47 4 76 32 65 68 45 17 14 7 69 61 84 15 82 69 31 8 14 40 70 32 37 40 56 54 7 6 16 17 95 67 82 47 96 77 76 38 54 97 5 28 13 25 0 45 76 32 34 50 
45 91 33 39 71 5 55 78 68 74 23 91 13 66 72 71 97 25 70 79 21 19 24 29 52 34 16 87 63 68 0 61 59 76 99 4 38 97 20 70 35 3 31 21 94 61 85 35 13 41 64 94 80 2 77 38 78 72 86 91 65 13 20 67 85 40 81 44 79 39 0 91 32 54 61 88 82 73 56 46 26 48 77 62 82 29 82 34 6 27 42 33 98 58 
27 30 42 88 93 17 84 88 29 22 15 56 72 11 36 54 69 4 83 77 45 76 91 48 42 73 59 25 70 75 73 38 19 1 66 2 85 15 46 20 74 80 58 98 87 46 87 60 23 4 58 56 72 20 23 78 58 24 57 0 48 67 72 15 9 66 85 19 58 83 50 93 91 22 36 17 61 26 16 44 56 12 15 58 5 48 46 27 99 77 38 99 80 74 
37 17 73 0 42 70 84 57 80 38 89 99 22 38 19 73 67 55 10 82 81 67 56 99 92 53 41 25 53 84 28 81 10 29 77 30 70 42 30 80 27 27 61 94 63 45 3 10 69 34 59 96 44 1 7 10 91 29 6 100 55 70 99 41 31 8 51 100 32 15 71 57 60 31 26 40 89 99 14 62 98 32 83 42 78 53 66 46 0 60 23 65 62 25 
42 19 66 91 4 33 95 77 24 92 17 92 49 34 77 30 29 48 46 39 58 13 19 81 71 76 71 68 97 35 75 37 25 63 66 49 52 50 65 85 9 1 66 50 13 45 12 3 27 84 96 98 79 41 25 28 81 74 46 29 33 25 85 18 87 8 2 4 85 1 48 69 9 3 91 13 97 67 40 23 45 68 9 19 74 87 70 24 13 41 5 13 75 13 
24 30 4 90 56 7 78 61 19 24 2 54 66 34 55 64 72 83 71 57 79 69 73 5 41 1 31 38 70 34 79 79 37 29 8 1 42 19 23 70 8 62 14 56 40 2 38 54 25 49 54 67 30 38 26 27 48 9 85 81 84 12 85 48 37 50 72 40 2 4 89 71 23 29 93 88 62 97 27 86 52 63 61 27 89 84 37 12 30 75 60 80 57 46 
60 17 14 84 15 61 96 59 67 30 36 54 49 27 19 79 21 28 25 8 65 26 31 76 57 28 73 82 57 69 23 27 91 14 87 63 91 85 83 45 94 43 0 85 14 8 93 16 60 80 57 21 15 88 99 55 88 94 56 44 37 21 19 30 59 75 84 36 45 21 89 35 48 2 93 58 60 68 78 82 87 91 66 48 93 20 96 76 9 47 55 26 38 52 
16 46 59 16 33 21 91 100 78 20 57 48 57 64 76 80 99 4 83 74 49 63 91 75 84 62 26 22 97 54 80 29 72 93 8 3 39 41 63 57 16 99 87 73 46 6 71 0 85 45 77 95 36 13 13 14 66 6 63 5 32 42 84 90 36 70 92 41 12 43 50 36 81 96 67 84 19 20 66 58 41 82 91 16 8 19 98 43 53 59 43 2 38 45 
47 90 72 54 62 17 11 40 75 64 14 32 98 15 9 92 49 43 47 55 95 57 79 66 51 60 36 20 30 92 71 96 59 50 70 38 54 16 39 19 49 50 4 57 99 36 24 33 49 97 48 24 67 1 55 16 85 1 31 85 38 45 75 24 42 54 41 14 11 49 30 52 10 100 65 53 36 6 96 94 70 17 47 79 26 61 9 21 54 6 65 4 79 45 
48 8 66 59 4 69 30 46 37 38 6 97 13 86 61 17 13 21 54 72 52 65 71 17 26 18 39 43 38 20 6 99 58 65 60 1 20 45 10 40 91 43 21 91 52 90 87 68 35 32 29 91 84 37 57 16 54 48 92 82 86 55 7 7 49 68 57 13 80 29 98 81 94 43 81 5 41 21 46 43 44 35 23 67 19 15 80 49 79 77 19 70 60 76 
45 47 11 57 71 98 14 100 3 24 71 94 9 22 13 96 97 66 88 48 24 39 22 79 38 44 86 57 48 87 36 42 86 61 21 92 43 85 57 30 33 76 75 42 24 91 8 82 60 85 27 52 83 47 4 22 22 83 22 99 40 31 9 70 18 95 59 27 19 42 57 26 38 93 35 93 14 30 19 18 79 68 73 33 86 36 83 81 56 24 79 82 4 56 
49 2 82 22 24 87 27 44 17 47 39 74 99 15 98 46 25 84 83 69 89 57 7 62 62 1 2 57 1 4 86 0 45 70 86 3 98 72 55 78 9 63 43 57 13 18 89 32 35 58 64 94 62 67 70 62 47 64 15 27 60 85 50 75 4 56 48 34 35 5 95 19 21 28 27 15 34 11 12 4 21 75 24 43 27 84 8 71 83 82 21 49 9 51 
50 35 50 83 49 34 36 91 52 52 42 94 18 77 15 49 33 8 54 19 14 21 66 96 46 15 91 73 54 76 14 60 15 85 67 43 3 48 83 52 94 5 85 31 35 5 83 62 59 16 37 0 30 90 92 13 13 24 26 89 48 44 59 73 63 96 38 45 26 69 87 40 53 13 11 33 37 68 93 28 61 24 41 90 35 18 6 50 4 4 9 86 49 70 
89 16 27 53 50 65 2 58 71 47 13 97 91 88 92 69 36 37 67 20 68 64 51 79 52 33 8 10 72 66 23 1 77 48 45 96 7 31 89 64 88 49 42 54 66 99 49 37 7 58 11 11 48 69 32 4 19 44 56 73 5 75 12 86 47 62 62 65 46 67 61 69 22 95 46 52 50 84 45 74 6 41 50 82 2 0 5 64 65 17 31 22 34 17 
86 47 59 67 57 33 34 30 82 26 78 89 3 88 69 42 100 54 40 81 66 86 76 72 71 29 79 38 29 9 88 92 11 56 84 11 89 34 68 26 49 13 24 59 82 48 58 41 18 67 63 47 80 40 89 18 27 18 59 34 94 14 95 74 20 83 11 42 67 61 16 70 75 48 100 5 75 47 85 72 16 63 45 53 80 9 5 3 59 81 12 60 52 89 
45 19 18 92 72 47 33 18 29 93 99 6 59 45 53 55 78 87 85 45 49 49 52 29 53 66 47 82 17 79 100 88 6 52 1 100 28 25 13 99 71 37 72 67 27 71 62 7 59 73 9 1 2 85 9 21 15 42 82 22 49 79 26 68 39 72 79 37 20 46 37 81 5 53 77 47 22 33 11 74 11 79 70 12 36 41 9 81 16 53 91 42 10 0 
78 69 6 73 29 5 43 39 29 17 72 25 78 81 19 37 73 70 16 40 80 2 31 91 36 88 85 39 37 11 47 82 34 5 12 26 9 10 40 61 8 50 59 92 13 12 48 69 96 65 64 60 84 64 91 91 87 23 98 61 73 5 33 46 51 71 32 67 18 82 96 39 51 8 60 35 86 30 65 34 79 34 24 51 32 25 53 11 38 12 71 78 89 83 
21 65 26 12 7 11 87 42 54 56 32 38 57 69 20 87 71 18 50 0 1 70 1 61 72 29 22 37 76 22 51 59 86 5 55 27 62 81 19 66 30 33 94 81 27 11 63 27 49 37 4 96 9 49 100 43 23 87 26 74 92 61 80 27 63 51 77 22 58 54 62 4 8 41 100 79 42 36 41 69 66 38 13 75 65 46 12 66 92 81 19 37 49 45 
68 52 91 73 18 69 69 64 58 91 9 92 9 77 51 83 96 19 16 22 69 75 35 63 10 19 12 91 77 16 85 84 43 55 10 72 56 86 86 83 27 59 38 63 38 98 100 61 84 49 68 85 22 41 41 85 20 64 58 34 2 11 46 72 84 85 31 8 4 6 49 89 69 51 4 46 10 25 23 87 13 4 54 79 93 59 72 12 25 52 83 88 43 35 
78 40 94 84 55 3 0 27 81 23 17 37 22 83 24 65 15 90 84 37 22 100 45 9 98 27 71 53 81 84 68 16 62 27 42 1 9 87 6 92 100 59 25 91 16 91 16 38 69 68 55 77 41 82 57 14 22 41 24 64 93 19 40 23 95 78 22 61 29 93 6 26 80 58 31 77 71 86 30 53 56 97 28 87 91 65 4 94 35 7 74 13 38 25 
90 36 61 91 16 57 43 100 0 14 20 44 87 54 89 26 90 80 57 40 49 60 12 57 90 83 6 2 89 25 88 7 75 36 77 55 6 99 57 13 79 20 96 100 5 78 29 10 49 71 46 57 63 4 81 78 96 61 73 83 44 10 97 78 81 99 93 22 24 6 34 29 66 85 11 4 6 24 79 43 68 81 6 7 88 65 57 98 81 6 8 50 11 71 
84 95 6 54 36 46 18 76 33 8 10 36 10 1 64 63 12 41 99 0 30 48 68 63 74 86 96 100 84 31 8 53 27 60 20 42 9 96 57 44 84 99 50 76 92 42 37 86 49 20 12 89 44 8 59 80 34 20 48 9 74 33 58 32 49 96 72 34 32 11 20 97 53 29 81 78 28 50 68 80 28 50 60 55 98 39 15 91 2 12 21 11 61 5 
30 11 77 65 70 52 70 100 48 79 47 58 37 27 14 7 18 20 91 54 30 70 28 89 8 75 52 61 34 39 42 75 95 0 33 52 89 87 5 59 57 39 73 59 49 41 44 88 49 78 99 45 94 95 68 77 92 34 61 8 28 37 42 39 97 91 97 17 72 82 0 89 49 57 28 91 69 65 38 73 99 83 2 43 35 5 90 30 86 71 39 45 28 95 
61 16 66 87 29 73 27 77 1 28 70 60 28 6 8 48 51 27 81 63 57 95 36 70 27 88 78 32 34 63 58 63 55 56 28 0 35 1 90 64 90 39 12 22 21 14 22 93 19 50 40 77 60 33 84 13 70 100 18 37 1 73 41 58 64 41 37 64 26 67 40 53 59 63 98 65 74 44 25 50 93 19 23 86 92 86 95 49 62 18 86 59 20 33 
9 57 25 91 85 43 51 34 95 23 62 42 93 25 50 33 54 96 69 13 88 20 77 49 97 90 82 33 50 38 77 34 43 1 76 78 95 70 20 71 46 62 49 55 49 32 86 82 75 77 48 88 15 53 66 41 27 86 17 88 17 54 17 75 6 66 40 49 59 2 82 4 12 36 18 50 72 57 32 95 25 10 96 73 30 34 58 95 65 53 97 4 92 41 
47 48 93 33 70 0 67 8 77 94 71 98 46 62 50 25 20 94 36 19 43 14 30 64 31 90 56 59 11 5 24 44 92 94 57 67 38 79 62 81 47 6 97 53 70 83 78 81 99 21 60 51 14 9 47 92 13 32 27 33 91 55 45 58 4 92 59 94 86 48 6 100 63 66 89 98 51 63 66 3 62 5 41 35 80 52 92 66 39 99 27 23 77 80 
15 20 10 52 100 12 90 42 100 35 33 56 97 15 54 25 60 18 76 19 59 59 37 66 56 58 98 97 100 29 45 9 69 68 83 20 95 82 10 14 100 94 32 32 44 41 9 71 0 88 70 6 51 78 95 96 7 47 8 28 43 1 26 84 63 86 35 38 78 67 37 78 77 70 43 34 77 94 20 14 28 62 88 95 70 80 66 32 73 54 97 97 24 88 
8 27 56 31 74 20 76 0 9 12 95 10 61 50 42 65 56 97 33 16 40 15 59 85 13 48 38 45 78 17 76 80 74 13 98 41 99 26 9 67 96 51 94 52 0 100 100 18 62 25 11 77 53 39 20 98 33 54 47 80 89 8 20 73 16 35 13 76 71 75 66 68 58 45 30 34 62 0 22 41 80 8 3 31 37 83 81 59 19 72 81 12 59 86 
43 25 89 35 27 86 16 92 6 9 37 1 62 21 81 79 67 71 89 70 39 98 39 71 72 24 8 65 70 33 89 28 54 62 71 29 53 21 8 30 31 77 56 63 80 69 30 34 98 46 20 22 27 82 69 69 43 70 27 38 16 14 44 31 40 56 65 32 87 88 14 91 93 93 76 74 86 91 34 19 48 30 39 0 56 82 77 100 99 23 95 80 56 11 
16 50 0 69 8 84 100 12 19 52 56 26 73 41 93 14 6 2 76 88 81 75 3 92 40 64 56 57 99 96 85 47 4 94 69 13 55 30 37 62 88 27 79 92 4 86 28 68 32 8 7 43 33 29 23 17 99 18 64 46 82 83 7 45 93 64 98 16 30 75 83 0 91 71 42 64 85 58 62 45 79 85 54 20 75 56 10 19 76 84 15 79 3 3 
43 15 48 60 85 85 96 28 63 100 49 43 59 80 96 41 41 46 42 37 82 28 44 43 41 35 32 49 13 69 91 62 44 21 58 24 28 83 86 79 74 55 4 20 42 62 33 55 12 31 23 33 53 96 90 9 28 37 53 2 98 95 52 48 90 0 71 41 71 84 86 45 62 91 2 72 73 87 22 77 51 6 52 67 89 58 59 76 41 95 58 56 31 21 
48 50 81 33 88 94 22 22 86 68 23 98 9 37 42 50 42 66 49 65 94 23 27 23 84 10 21 39 49 72 7 4 32 29 12 24 62 73 77 28 100 61 86 68 5 81 50 6 74 1 2 88 2 15 91 47 36 74 89 42 52 39 22 66 78 78 10 48 29 92 85 58 73 64 45 26 80 44 43 72 67 63 100 38 73 46 90 3 2 46 76 79 51 96 
59 11 36 25 90 62 37 69 72 40 13 51 15 52 30 5 19 2 61 19 31 11 24 39 86 52 50 82 91 23 28 94 49 74 25 63 100 81 92 96 21 91 47 85 42 72 71 71 61 34 57 62 77 14 52 2 94 42 87 83 67 20 89 6 5 77 41 26 25 27 66 68 99 2 32 43 53 8 77 76 76 35 13 82 84 32 84 64 56 7 65 28 18 51 
31 94 97 31 35 84 15 76 71 1 80 73 23 79 4 1 62 53 59 47 54 88 73 58 29 90 82 30 7 60 10 22 63 90 34 98 51 56 96 35 50 11 13 76 39 1 77 10 43 1 3 12 5 37 49 46 77 90 40 9 67 94 29 68 27 64 95 95 20 78 10 59 30 76 91 68 38 61 21 27 23 32 63 54 76 70 37 22 39 72 55 78 24 8 
13 16 89 35 53 85 96 49 41 100 69 2 52 7 67 98 22 45 96 78 58 39 66 30 91 59 55 73 64 71 12 9 75 68 82 81 62 7 95 36 65 12 29 34 63 41 20 21 89 92 12 44 76 95 91 16 85 97 35 83 63 75 6 27 13 70 16 18 64 51 26 93 58 18 42 100 25 99 0 49 83 58 92 26 75 48 23 27 91 41 0 4 97 22 
48 17 34 4 63 97 84 10 57 90 22 36 29 38 35 99 90 48 46 24 96 100 16 46 59 61 64 39 32 14 92 74 71 49 41 75 85 70 64 76 95 17 72 16 55 63 32 91 96 72 5 48 56 13 36 99 66 42 78 18 72 18 69 77 48 11 46 100 76 84 37 12 41 46 44 74 37 65 61 34 38 25 98 84 88 21 43 36 54 20 77 15 79 6 
40 73 88 6 12 71 24 36 75 76 98 60 55 16 10 95 36 57 35 67 48 24 60 10 24 61 66 7 5 39 63 51 8 22 76 11 89 100 78 51 82 77 46 95 98 23 59 84 7 84 10 31 98 90 90 44 76 73 16 61 95 44 12 17 57 10 70 43 39 78 1 100 58 50 74 35 73 32 99 71 34 3 28 60 21 19 18 95 76 61 27 81 76 13 
27 30 8 99 6 64 60 66 31 67 41 43 9 95 65 18 30 38 89 14 42 22 91 53 18 98 77 68 67 74 69 15 13 89 36 63 91 62 4 67 64 57 91 6 1 78 23 86 1 61 78 39 15 68 95 92 79 55 52 17 26 38 96 3 57 21 49 40 73 97 11 87 2 90 40 3 83 31 9 16 50 16 85 9 17 82 44 27 56 95 84 53 36 49 
24 93 82 8 97 30 29 25 58 85 72 57 35 53 71 75 31 23 48 49 62 100 22 58 91 64 36 85 7 2 76 94 48 7 25 98 77 72 7 62 73 78 62 47 36 32 20 55 66 66 30 37 21 95 91 53 40 13 28 63 72 89 32 43 88 77 71 59 99 77 36 14 41 68 61 58 68 40 6 81 40 11 29 100 96 97 44 26 5 70 74 96 45 63 
14 42 72 34 83 68 83 33 1 50 8 14 35 78 75 52 77 46 97 79 11 45 74 10 31 9 93 66 43 45 44 24 87 67 66 28 13 92 11 71 92 83 2 15 52 54 56 38 88 70 56 68 40 62 70 29 85 80 23 74 62 34 35 93 20 31 44 5 42 69 95 25 64 80 24 49 53 64 68 77 75 47 96 76 27 82 65 62 63 29 89 52 82 21 
4 62 33 70 88 42 42 28 6 4 92 29 96 27 70 13 41 28 49 69 54 16 81 21 52 77 24 95 49 7 47 75 87 78 17 90 81 10 64 72 73 15 31 91 69 91 89 90 36 29 88 39 58 15 8 57 85 99 51 52 88 68 17 54 66 0 79 11 37 26 66 85 42 89 94 72 22 58 68 53 73 95 24 94 6 93 81 16 0 100 71 13 11 68 
69 54 80 84 76 75 63 63 29 23 54 5 78 24 64 6 19 18 37 68 90 56 73 53 61 40 37 83 62 77 79 83 30 97 43 44 62 94 8 91 67 23 76 53 76 68 78 64 93 65 97 4 27 29 5 47 79 47 72 80 53 58 72 39 63 81 92 11 98 89 26 36 66 45 92 50 71 63 17 22 14 75 53 17 91 50 74 87 84 82 9 20 8 94 
30 7 73 51 37 69 36 87 55 73 66 56 32 91 71 39 38 82 65 2 77 78 47 17 78 77 0 66 93 71 82 72 51 41 99 51 11 8 35 45 3 67 41 44 90 41 3 24 40 36 82 3 75 17 65 18 79 100 69 89 70 85 12 33 0 55 33 31 19 78 86 72 99 16 73 53 0 44 15 43 96 60 24 61 39 18 6 56 18 8 21 44 45 24 
92 54 19 30 61 80 50 72 62 32 29 48 6 70 23 79 99 57 42 68 7 65 3 32 73 16 96 87 0 97 89 56 76 50 34 53 19 2 97 18 89 22 91 75 92 26 79 95 89 43 27 48 59 75 37 0 83 30 94 41 28 10 23 18 63 48 69 38 42 28 34 77 35 97 62 77 73 79 88 36 86 13 61 27 16 47 84 20 41 74 43 19 4 93 
83 64 58 90 23 29 3 60 73 56 82 63 74 42 64 84 62 72 51 2 80 48 4 55 10 88 44 69 24 49 99 99 71 6 99 95 95 53 5 22 68 25 91 91 81 99 7 0 73 83 62 64 15 78 62 43 92 55 0 88 39 53 98 68 23 11 61 22 55 5 94 53 40 2 77 96 27 73 87 37 0 56 2 3 52 22 51 33 40 63 55 89 66 14 
79 5 82 24 4 68 77 70 91 25 83 99 85 2 18 74 18 21 92 65 51 87 13 18 39 11 46 49 76 21 40 70 18 65 28 35 27 21 18 94 23 11 87 13 2 48 75 64 36 2 69 35 0 86 37 55 31 47 21 0 63 0 85 4 46 51 62 93 87 82 15 98 33 11 75 87 5 60 71 100 10 99 8 46 79 62 54 37 53 41 86 91 17 50 
42 11 99 45 50 81 73 84 75 13 44 91 33 30 12 81 17 21 75 58 45 29 66 90 49 51 42 72 66 14 83 40 15 22 1 93 42 41 41 8 98 53 49 86 73 18 34 5 93 68 48 36 79 2 81 17 90 39 19 96 96 82 69 72 75 0 6 80 93 37 69 30 79 36 61 78 30 58 39 52 23 26 22 61 95 95 23 7 13 10 79 17 62 8 
76 86 85 40 88 30 55 89 35 31 41 19 39 5 29 83 36 51 44 99 26 5 100 47 66 34 7 83 15 53 62 63 46 42 52 57 67 71 77 74 22 1 30 52 45 53 79 63 15 41 41 25 80 88 33 65 56 40 17 41 47 16 26 13 44 40 61 92 60 74 70 21 15 85 54 59 54 25 69 4 40 40 40 80 23 39 98 47 37 46 44 26 97 74 
91 97 28 32 10 69 93 65 9 53 46 9 15 95 52 16 3 29 53 29 11 4 13 4 23 5 23 76 79 92 43 30 77 18 58 39 54 97 91 27 82 24 75 55 25 50 20 59 28 48 80 45 53 23 15 9 25 57 7 91 84 44 31 94 74 44 83 11 84 95 50 83 96 47 52 86 3 98 80 62 62 9 8 9 61 97 69 22 28 3 40 19 80 6 
82 93 38 57 41 41 49 64 52 78 66 75 10 4 29 56 19 75 25 46 60 51 72 83 83 61 42 55 35 64 86 63 64 67 25 67 40 60 89 82 11 84 29 74 73 84 77 99 14 56 3 29 12 49 96 79 1 48 87 75 9 20 89 74 61 1 69 58 75 87 26 2 9 27 79 22 67 52 41 41 97 83 80 19 42 4 22 62 5 82 17 31 21 53 
4 56 6 11 99 85 67 98 13 20 99 48 53 61 38 78 76 9 92 62 23 56 20 80 15 90 6 26 48 2 45 28 5 39 8 36 4 77 70 9 75 75 87 99 36 0 16 53 53 90 91 8 97 17 61 80 46 50 55 49 65 65 68 37 99 96 81 75 1 25 96 83 91 44 23 92 28 96 12 42 76 46 32 32 6 51 89 48 19 13 68 7 37 93 
97 0 5 67 93 6 43 34 84 77 96 53 37 17 25 58 90 59 74 41 57 92 42 62 97 71 1 8 39 83 97 71 21 75 65 35 92 53 38 69 78 56 66 66 79 33 90 43 87 38 54 41 93 20 65 23 47 55 74 83 1 71 68 65 51 68 99 97 53 87 44 64 81 48 68 63 70 66 69 48 98 47 96 24 20 52 41 34 7 51 93 63 8 77 
75 25 11 54 68 42 23 81 35 17 28 87 58 0 64 86 18 44 38 80 12 55 73 22 34 67 89 53 35 39 60 7 25 91 40 67 23 99 64 11 49 30 64 70 71 18 90 87 54 85 15 1 44 43 9 0 35 33 51 77 22 4 89 31 14 23 51 28 56 27 27 65 32 16 100 73 6 76 58 77 18 17 34 99 95 13 21 34 24 64 89 73 63 91 
89 100 31 68 62 53 92 7 17 29 73 65 14 48 94 51 52 46 42 43 21 54 59 93 57 86 99 17 34 95 70 94 33 74 85 26 87 51 4 69 34 23 30 75 41 66 19 79 60 96 80 6 74 27 28 66 65 49 33 0 52 66 64 91 11 81 39 41 66 80 62 26 94 80 12 31 15 25 8 92 50 61 89 66 65 85 30 95 60 95 11 42 50 34 
92 85 7 71 97 35 84 25 87 85 27 2 95 5 22 23 32 17 17 57 63 31 80 82 26 67 20 29 49 57 10 20 54 7 43 35 21 92 100 100 35 83 100 66 78 11 34 73 0 21 13 45 28 16 58 12 28 68 56 45 61 22 77 95 19 44 25 67 51 56 95 27 67 75 36 65 21 30 44 46 11 42 45 99 12 89 86 95 5 59 82 52 14 10 
20 16 85 56 55 41 78 47 2 58 14 46 96 76 54 22 30 86 92 66 20 13 84 100 84 79 26 77 0 3 98 13 2 56 46 92 45 77 47 53 22 69 14 77 28 94 57 36 75 20 61 97 3 62 30 17 15 52 42 34 50 0 74 3 12 57 57 18 34 49 71 80 41 11 86 31 75 80 87 49 22 85 15 29 41 15 35 34 82 52 39 82 98 26 
49 31 2 80 31 64 31 46 11 0 79 0 53 94 85 61 80 24 83 1 39 57 5 43 69 14 17 34 13 65 29 90 58 97 1 47 94 90 37 83 90 38 82 4 84 3 41 65 23 12 82 66 62 43 71 92 5 84 68 68 67 12 88 99 65 13 85 40 78 82 28 24 57 50 28 70 26 34 39 13 6 25 54 71 55 30 7 24 20 19 95 6 92 53 
77 11 86 20 92 100 75 48 1 29 99 99 13 69 34 67 8 78 13 25 80 57 67 46 50 54 83 89 69 46 90 63 34 21 83 84 11 74 24 56 36 5 29 35 94 63 59 83 78 95 88 60 5 75 64 11 0 66 97 83 57 50 40 41 52 42 91 15 0 3 59 85 74 88 51 71 36 55 65 78 28 17 5 34 65 39 8 84 87 26 62 41 63 10 
52 15 93 34 46 9 69 25 94 41 76 91 12 53 55 10 40 97 55 49 63 69 57 60 48 30 18 61 99 60 64 26 64 80 82 34 8 0 11 76 64 97 42 83 22 70 28 79 62 23 7 55 28 95 94 31 78 73 27 42 42 64 61 97 77 54 76 88 94 5 34 83 43 93 7 75 30 87 1 58 34 57 78 20 10 30 95 99 29 60 9 48 13 67 
66
28 14 52 57 13 57 21 19 17 11 24 89 92 71 46 64 34 70 51 44 14 33 67 93 89 23 15 21 1 88 80 33 51 68 0 14 81 97 73 25 40 32 98 16 60 33 72 82 17 85 20 41 76 49 35 87 40 0 11 67 8 36 60 60 28 90 
97 50 16 37 9 63 10 88 29 92 42 94 30 15 95 95 62 35 2 99 39 36 71 82 49 49 84 42 29 1 91 41 18 35 18 94 97 63 82 49 90 14 59 47 31 40 13 4 44 91 57 73 18 68 49 86 30 80 98 13 4 14 80 95 78 93 
37 28 16 22 61 4 55 71 91 99 16 63 39 89 59 33 80 22 36 26 94 28 44 39 54 74 95 57 14 12 27 0 30 11 30 88 27 97 61 38 60 14 27 12 91 64 93 13 53 36 91 74 13 90 71 12 25 85 73 44 85 56 27 80 19 11 
15 68 80 11 12 38 0 43 58 15 39 99 55 62 72 69 65 25 78 58 0 35 100 76 33 98 17 37 22 77 81 52 70 86 2 40 89 74 43 24 48 86 14 99 53 14 99 34 53 6 63 76 40 9 6 76 64 13 37 62 30 30 12 42 55 71 
69 70 99 55 42 29 1 64 63 75 69 26 21 49 37 45 19 95 66 71 80 87 53 62 19 20 10 57 100 63 31 16 63 73 3 0 29 1 78 6 21 47 10 56 0 45 37 17 23 67 63 55 94 86 46 100 45 100 81 3 53 60 11 41 28 88 
27 38 47 18 1 88 53 100 24 11 85 58 99 31 16 48 47 88 77 44 63 87 23 10 9 5 48 38 37 53 16 45 64 69 88 57 91 55 2 39 25 55 15 58 42 92 58 0 71 97 100 70 34 11 30 75 59 13 4 45 29 52 54 7 100 33 
32 47 29 93 43 75 90 44 31 25 68 7 65 39 79 57 35 29 63 88 0 53 68 35 64 40 42 99 70 87 73 21 24 95 49 10 10 22 55 2 97 60 27 14 69 16 16 88 25 6 12 32 23 0 95 32 15 6 84 25 26 87 85 35 36 93 
9 69 86 8 24 10 29 41 48 4 96 80 51 48 95 62 45 36 29 1 48 5 41 53 41 6 59 13 72 95 42 38 8 2 19 64 45 10 89 21 62 36 55 100 49 57 96 30 24 94 84 97 65 78 83 29 74 45 96 76 70 43 20 67 84 6 
87 47 80 92 23 98 87 20 21 43 96 0 8 28 32 55 29 22 98 45 29 56 6 15 14 99 36 21 86 93 97 94 54 92 72 16 52 29 69 24 30 79 43 41 32 85 86 33 47 34 12 75 92 8 1 21 85 13 31 37 27 37 25 8 13 80 
53 72 2 55 97 73 59 95 28 44 65 30 0 77 19 57 78 33 95 83 84 82 12 36 92 44 41 92 42 84 63 84 82 50 14 23 58 45 63 18 22 69 80 0 54 18 26 16 16 59 24 78 16 22 93 18 29 11 98 2 47 22 86 90 69 61 
34 0 6 69 90 13 18 15 21 97 29 61 34 46 20 5 1 23 74 4 18 23 23 8 41 66 64 43 66 57 50 13 76 80 50 1 83 6 45 38 93 68 58 16 80 33 100 51 25 32 80 56 80 4 99 70 16 31 77 67 25 69 25 78 77 36 
30 78 36 3 88 36 37 45 77 66 28 100 12 56 93 29 18 3 26 75 40 54 8 50 21 61 77 8 38 33 8 93 67 57 99 26 39 24 75 32 52 9 54 4 18 47 18 35 51 81 86 19 56 75 2 82 13 85 3 61 57 93 62 87 29 51 
100 70 88 41 31 13 80 14 16 42 95 90 89 62 95 29 14 91 72 94 79 63 14 32 98 83 33 0 82 50 33 96 55 92 35 3 55 18 26 45 74 9 49 8 59 95 75 44 69 13 45 24 78 32 13 14 8 20 91 94 67 32 69 6 94 10 
52 37 63 71 76 20 91 73 98 75 45 54 81 55 38 83 13 21 63 97 23 60 31 35 25 92 41 93 50 100 72 74 92 11 41 35 48 95 73 12 64 36 33 16 54 6 73 27 93 90 79 81 99 64 1 7 0 13 38 38 32 6 63 73 91 90 
71 32 25 66 75 51 59 79 40 70 79 41 68 32 40 7 48 84 23 19 54 14 63 32 89 4 50 85 45 52 41 51 44 24 20 100 25 11 98 7 28 35 80 26 46 6 2 72 98 88 94 31 4 95 42 15 77 72 91 21 62 69 25 25 72 16 
47 15 97 77 76 5 15 54 52 75 95 28 35 89 51 34 3 45 48 7 43 39 75 28 51 98 74 87 63 98 17 12 37 68 29 84 78 36 86 14 91 40 64 45 97 20 19 66 54 91 47 50 90 96 90 42 1 20 62 44 72 67 50 84 55 42 
89 93 76 43 79 35 31 81 59 9 86 81 96 22 72 12 52 74 23 59 26 1 30 37 43 91 52 96 62 73 63 78 23 13 2 61 10 24 85 28 95 81 55 79 10 37 82 71 62 91 25 22 22 39 96 93 46 41 48 59 71 73 15 87 12 48 
77 58 62 99 11 88 34 21 31 86 54 100 87 8 50 5 23 29 31 56 93 100 98 52 3 77 86 34 3 22 53 88 59 56 14 36 99 44 35 22 47 84 69 37 4 51 80 45 23 96 85 26 26 85 32 90 49 48 57 20 30 42 73 89 12 22 
74 72 37 43 74 37 75 25 70 39 79 100 36 80 55 38 4 39 98 81 81 20 98 5 24 88 0 27 72 43 51 62 81 73 3 99 71 95 81 25 1 24 77 95 17 1 54 93 44 54 69 0 85 20 35 61 15 20 12 92 98 94 16 22 42 7 
43 6 10 68 44 89 88 63 32 45 84 69 9 32 30 58 6 10 89 81 41 51 46 82 87 49 87 7 96 22 14 54 94 69 16 81 57 99 22 68 7 56 53 41 21 81 30 5 92 97 87 98 55 100 64 21 49 40 64 23 53 41 80 62 64 77 
21 34 26 87 23 69 60 18 32 74 99 56 12 24 61 34 89 54 27 47 63 41 31 7 77 1 40 59 95 68 37 37 64 52 31 84 79 3 8 2 91 75 18 48 42 69 38 64 70 22 21 1 44 6 100 42 61 40 55 47 45 21 56 99 77 94 
75 57 75 42 63 10 69 88 66 17 61 80 20 61 65 26 31 82 14 17 42 70 96 95 39 59 40 33 87 15 74 98 53 6 68 76 11 71 61 31 41 100 42 54 9 32 33 53 15 23 95 35 39 46 4 33 73 62 30 65 20 13 88 92 94 59 
14 29 56 88 35 77 73 71 96 18 47 70 15 62 86 39 30 57 97 27 32 90 56 37 47 16 37 97 73 65 79 71 9 75 29 100 99 70 66 73 76 51 36 75 96 11 9 11 85 14 1 73 78 95 28 94 31 44 13 12 39 74 98 29 79 38 
18 24 23 27 59 37 47 4 30 1 8 47 28 72 31 63 64 69 65 30 19 2 74 81 57 69 99 73 55 45 17 66 21 81 57 86 81 43 16 6 76 0 27 33 60 74 98 51 17 10 32 61 51 62 19 57 16 72 54 21 7 98 80 93 95 71 
97 80 84 66 17 39 59 50 7 26 58 97 37 18 13 72 6 32 48 73 19 52 97 46 71 40 23 63 20 1 9 63 8 78 43 28 70 54 65 30 84 19 44 33 88 41 66 73 78 3 5 11 34 16 64 17 77 82 34 92 43 46 28 35 43 53 
65 8 89 63 21 39 76 92 34 13 93 68 89 25 8 12 20 20 98 86 35 66 94 80 82 71 81 38 90 25 71 35 63 48 67 9 37 50 59 100 36 78 45 42 25 17 0 85 51 19 98 71 61 85 19 16 20 37 71 26 18 7 8 34 7 30 
4 40 70 59 75 36 50 84 53 48 100 73 60 34 46 43 3 44 11 5 46 6 42 43 2 72 67 35 26 17 77 71 50 90 89 65 99 6 28 35 65 38 19 16 100 72 89 27 63 24 66 96 30 18 37 5 27 61 65 18 28 85 19 62 61 74 
64 32 59 95 44 2 92 56 47 81 66 16 24 57 97 89 9 93 28 56 36 74 65 96 83 98 32 64 79 25 90 54 82 67 6 51 20 6 71 3 14 56 27 72 98 96 8 37 54 36 19 43 50 6 53 70 44 83 89 10 64 73 73 46 88 32 
63 77 30 25 42 38 1 37 35 70 100 47 52 69 45 76 67 2 97 16 48 19 63 98 85 55 49 98 13 72 61 13 3 18 29 26 94 49 6 62 7 93 0 56 39 2 18 47 84 71 28 15 72 48 74 77 0 22 56 92 85 14 10 61 3 63 
88 58 17 30 2 1 79 84 96 16 61 95 8 83 52 30 43 22 15 48 2 5 87 35 98 62 6 18 36 38 89 86 25 3 10 30 13 80 20 35 54 82 96 59 17 90 11 28 94 46 14 5 31 59 7 19 98 7 76 99 49 91 87 51 77 28 
36 33 92 16 42 44 59 16 34 83 23 73 92 70 13 97 55 84 60 65 25 63 78 96 29 89 20 15 12 8 61 41 13 85 75 18 11 100 24 86 36 47 89 51 22 30 49 67 44 60 38 37 19 36 24 36 99 63 87 88 26 3 11 33 61 9 
1 79 54 10 16 46 88 75 76 49 56 46 68 17 47 55 21 44 19 46 47 16 64 43 25 19 85 53 51 92 98 86 90 12 25 61 100 81 35 50 87 56 61 52 73 20 98 67 33 4 32 6 22 35 31 58 79 72 70 7 22 23 3 34 29 68 
43 79 88 68 53 68 25 58 94 75 65 15 24 29 85 83 20 44 96 93 80 41 19 8 7 64 93 89 72 31 40 80 24 61 81 91 10 54 73 32 16 22 69 91 97 32 1 52 76 27 63 26 95 77 58 26 69 77 86 68 84 77 45 29 73 76 
38 19 88 12 17 52 87 50 55 37 52 67 71 55 4 87 57 59 69 70 69 99 91 16 25 58 39 14 41 40 80 30 43 94 8 11 41 26 64 75 76 36 4 82 66 28 18 73 99 90 61 84 54 100 78 94 98 55 17 38 20 57 40 74 38 84 
68 33 13 6 82 31 4 43 4 46 24 98 61 23 22 40 59 57 17 31 33 29 30 30 54 92 15 52 76 68 78 17 9 22 90 28 5 27 31 81 14 98 68 63 3 77 47 38 53 24 86 73 86 58 87 71 21 81 78 92 55 31 60 15 84 72 
78 64 67 49 42 90 100 32 8 95 62 29 36 56 61 17 7 98 98 39 48 71 84 44 61 16 73 10 68 66 36 39 98 35 97 18 2 91 100 40 36 13 30 98 9 24 64 68 97 43 95 15 8 24 58 81 11 88 95 95 96 29 43 60 63 70 
49 32 57 37 56 24 54 18 40 69 85 26 76 90 44 54 5 96 90 69 88 58 39 92 37 94 84 29 72 36 12 22 27 37 97 82 45 27 59 68 7 80 100 4 46 100 26 73 98 23 38 33 86 78 49 27 1 88 0 4 86 44 87 67 50 37 
5 24 75 70 41 33 73 54 86 55 50 22 0 34 88 13 39 59 23 66 28 22 21 77 7 100 83 96 41 61 5 1 44 52 14 8 65 13 24 3 9 23 12 49 69 21 46 27 17 5 53 9 55 71 83 64 95 31 76 7 23 78 99 28 89 55 
54 98 30 86 42 86 89 92 64 31 95 45 39 24 81 91 81 17 99 33 38 49 42 93 96 29 93 4 58 82 58 67 69 66 45 18 11 63 66 100 8 95 56 84 76 78 93 10 70 74 79 20 58 45 51 95 23 49 68 19 7 85 38 86 80 45 
24 55 4 3 11 96 12 41 84 93 15 78 83 99 32 34 8 71 29 73 58 44 62 17 82 92 57 23 63 78 81 67 53 19 70 1 35 21 97 14 1 33 54 58 85 34 45 55 2 86 78 88 57 99 2 53 78 0 90 31 19 37 28 80 53 67 
96 38 31 47 75 86 55 34 67 41 13 20 22 63 32 22 88 8 81 23 49 69 92 77 75 19 80 57 38 12 73 54 78 8 33 20 8 4 35 43 62 80 73 74 82 97 13 71 90 78 80 80 51 14 88 54 46 96 26 59 73 8 18 88 59 9 
99 30 37 66 34 16 60 48 37 56 33 48 42 0 8 1 57 71 99 57 21 90 27 21 33 97 71 81 75 94 3 62 14 83 53 44 24 55 87 65 83 80 95 10 98 83 39 43 43 2 37 31 71 18 64 59 38 58 99 10 61 58 58 39 82 56 
21 6 98 13 89 89 45 66 55 66 52 16 62 31 93 34 30 56 39 47 40 24 15 66 10 54 93 32 30 81 65 69 47 2 33 70 23 24 87 93 85 4 93 69 47 63 14 93 82 78 62 81 61 63 96 17 68 3 56 71 94 51 94 68 89 93 
29 47 14 3 45 76 38 52 45 46 94 79 63 24 76 58 43 59 51 31 53 90 64 46 3 66 49 58 45 51 8 83 57 8 49 25 6 72 47 69 4 80 31 69 26 55 37 11 6 50 61 71 10 6 9 57 61 17 35 9 57 46 13 75 11 39 
96 54 28 1 10 49 6 17 86 89 77 25 77 33 64 62 20 15 47 87 21 80 18 30 4 17 23 70 66 48 26 55 39 45 2 48 62 25 73 54 6 68 86 17 94 100 5 13 24 62 56 45 39 41 99 86 46 72 80 62 78 28 75 18 6 9 
82 95 83 82 66 100 67 93 64 73 64 92 11 8 46 75 25 38 84 63 44 100 68 36 7 100 9 15 3 60 98 28 18 71 11 62 5 63 46 92 5 65 77 72 75 89 74 81 24 35 67 93 87 57 3 36 34 30 91 2 98 89 19 59 46 52 
78 94 9 35 25 85 54 87 35 63 55 11 36 75 34 37 85 16 60 6 36 84 35 16 80 95 60 4 18 26 60 81 93 33 60 15 69 6 3 38 66 66 73 71 38 41 76 78 28 8 68 89 11 80 88 20 67 1 71 55 11 49 100 52 60 34 
14 46 7 28 55 57 58 2 29 53 99 87 69 8 2 69 93 92 83 96 79 46 65 72 88 85 99 32 24 97 86 73 60 84 18 81 14 15 47 32 12 64 33 93 72 78 77 68 27 86 64 93 95 19 64 44 90 70 90 82 70 74 7 48 3 19 
72 16 8 95 27 29 55 86 25 10 89 11 66 2 47 72 46 29 50 53 81 28 70 95 87 4 88 10 82 52 99 60 0 37 38 91 46 29 73 78 19 44 70 89 72 40 37 10 39 99 44 59 73 0 32 11 82 70 69 82 95 79 95 60 11 25 
20 3 85 45 34 13 10 35 27 1 11 92 96 39 61 19 68 34 11 38 4 97 43 20 90 64 67 38 33 27 14 75 37 46 62 40 30 78 30 12 18 96 48 87 92 33 21 34 37 2 13 33 94 13 49 15 58 2 49 70 47 61 59 62 68 15 
91 51 87 47 83 9 22 93 13 35 27 16 28 50 6 61 76 42 19 81 74 51 5 84 69 32 40 40 32 77 31 9 88 55 10 62 19 100 99 40 49 92 64 22 9 59 14 14 69 81 23 61 93 49 61 88 79 26 25 6 17 100 9 75 33 92 
61 8 29 15 14 98 88 80 15 36 68 63 6 85 86 93 21 55 5 60 45 78 54 90 58 8 86 71 83 73 58 36 43 100 33 84 93 26 91 77 32 51 14 84 20 67 97 24 40 39 11 94 45 72 86 96 20 92 88 73 80 27 46 83 54 61 
23 97 22 6 67 35 91 12 0 42 84 2 24 78 56 22 0 100 42 88 61 25 30 91 100 64 38 41 88 52 69 54 45 15 54 26 41 50 47 33 94 92 12 95 19 75 50 38 98 49 23 59 72 42 40 74 17 1 80 19 98 7 36 31 27 73 
27 77 31 46 22 39 88 77 52 7 93 51 5 88 90 58 36 70 81 30 29 72 22 48 31 30 35 96 100 2 10 100 55 70 94 36 77 14 28 24 76 79 47 68 83 57 10 78 79 26 38 17 11 79 41 64 92 3 100 28 62 60 66 59 32 65 
93 26 36 77 28 60 12 6 71 34 4 17 97 70 13 66 37 55 78 60 42 50 76 65 90 58 81 50 80 0 37 96 6 6 92 57 72 82 49 93 21 63 21 96 50 38 23 91 7 14 49 67 15 74 12 88 7 94 4 73 21 26 92 98 6 45 
55 34 45 100 33 55 10 2 84 29 23 85 0 26 88 41 98 92 71 58 14 95 22 38 39 59 12 6 13 99 55 100 22 84 49 92 54 31 48 18 25 32 54 51 34 70 37 57 81 60 74 38 94 56 48 8 53 78 17 3 94 52 48 43 27 40 
5 72 50 53 50 71 67 70 22 57 29 2 51 59 43 40 10 86 98 39 53 3 86 82 0 55 100 94 18 29 0 78 17 29 6 72 1 47 11 75 86 19 30 94 94 100 29 83 14 44 20 42 69 88 26 91 65 92 37 47 4 41 52 37 88 79 
98 0 57 22 3 52 37 33 10 25 59 19 100 3 21 17 20 93 84 36 89 42 64 48 68 11 54 87 29 74 85 30 97 93 33 71 53 84 12 41 94 84 19 38 22 43 0 75 32 24 50 42 27 81 96 79 27 4 94 1 58 42 80 54 62 12 
24 51 12 86 54 92 78 38 35 98 37 67 32 50 76 16 20 91 90 47 31 61 92 50 30 71 73 13 20 1 18 45 24 95 19 38 46 50 58 15 18 26 58 98 66 44 59 49 33 79 69 43 61 7 9 91 50 54 79 22 74 99 56 21 30 73 
64 64 57 9 18 63 26 56 19 2 62 96 12 23 86 51 59 56 45 35 20 14 87 70 14 49 19 14 57 58 21 74 22 14 4 43 20 9 73 63 95 72 40 24 19 51 57 79 44 99 47 69 42 28 56 76 80 34 71 78 30 74 87 49 76 41 
2 59 30 16 69 25 47 87 87 69 41 58 58 35 64 41 31 74 5 24 16 43 61 17 70 98 47 26 27 9 0 99 31 2 76 51 51 2 36 45 60 3 75 20 99 76 72 17 54 91 50 55 6 98 87 90 61 0 93 52 11 50 42 7 19 21 
36 94 2 74 48 10 31 8 4 0 70 9 4 37 15 24 56 1 5 19 16 27 30 78 4 97 26 98 58 15 14 44 76 94 0 85 75 22 14 27 80 37 22 46 80 96 33 81 49 83 32 37 62 8 18 69 1 86 95 92 49 80 69 96 25 100 
50 1 67 53 99 78 100 89 92 70 70 22 47 81 52 91 72 92 37 11 11 98 31 43 56 75 58 55 85 52 52 62 10 62 54 36 77 6 82 97 46 83 39 32 46 96 8 75 76 20 45 32 58 9 75 26 61 53 53 60 62 36 82 50 19 0 
45 39 38 6 2 76 53 45 53 16 97 87 83 37 85 6 21 6 8 33 4 68 18 13 83 92 49 47 92 41 58 14 96 3 26 9 93 19 68 89 23 28 86 69 3 89 29 29 86 97 12 100 28 73 10 63 80 12 31 7 9 87 63 94 22 96 
57 75 73 71 74 55 90 79 65 89 8 86 85 1 50 14 29 93 93 23 33 91 40 21 79 3 38 93 9 95 49 70 36 84 38 31 47 7 66 3 52 1 84 41 33 78 66 65 42 56 69 30 33 62 82 33 72 73 50 61 98 12 1 26 12 67 
22 46 100 70 97 56 29 88 15 7 58 82 92 68 80 96 31 35 66 97 9 100 88 31 54 62 25 61 68 22 13 2 74 56 52 3 70 50 92 98 49 90 97 40 77 75 0 42 17 54 1 12 95 49 95 66 51 29 16 21 69 16 32 79 44 25 